296.514	464.116
154.692	470.551
236.447	274.846
236.447	274.846
158.861	58.9941
158.861	58.9941
438.756	212.336
214.388	438.301
271.696	410.856
200.619	467.835
139.424	492.481
135.663	518.546
187.962	215.699
187.962	215.699
219.383	430.35
243.552	412.713
160.961	350.467
160.961	350.467
421.431	237.147
296.542	374.366
191.304	489.411
301.889	386.487
290.794	403.764
177.078	486.208
428.931	281.015
104.932	577.626
278.747	371.381
145.169	517.281
200.904	518.952
193.737	461.785
139.069	509.447
324.473	353.939
110.689	557.136
226.961	91.4821
226.961	91.4821
208.199	449.131
272.557	426.389
142.485	519.642
198.185	529.07
194.288	453.944
156.212	501.507
130.134	536.329
299.97	344.381
184.296	531.665
171.054	339.784
171.054	339.784
191.709	502.808
253.23	248.606
253.23	248.606
223.513	444.32
228.302	428.653
195.89	473.815
186.963	267.938
186.963	267.938
219.262	455.665
194.883	439.937
201.666	480.811
240.797	429.857
267.588	367.148
143.085	541.314
209.477	444.432
232.456	29.6466
232.456	29.6466
237.538	97.7297
237.538	97.7297
204.962	487.82
199.226	457.668
121.106	527.471
221.075	482.907
190.639	74.7592
190.639	74.7592
107.559	148.512
107.559	148.512
245.898	406.51
63.983	590.18
106.46	507.139
243.991	467.804
192.076	480.291
258.96	396.661
260.245	438.447
199.806	471.395
144.136	550.371
182.449	469.705
145.884	529.699
226.797	428.593
161.882	512.149
165.304	517.998
256.586	446.512
217.212	475.133
380.522	287.612
182.11	486.726
137.14	507.858
345.967	350.136
197.048	509.571
282.635	390.159
190.655	468.159
179.4	485.895
164.058	11.4507
164.058	11.4507
143.692	1.88735
143.692	1.88735
241.41	390.954
244.726	407.361
203.258	483.162
165.292	487.666
152.349	529.584
118.768	578.169
159.715	501.666
181.692	475.964
180.666	505.279
303.068	393.359
226.956	284.207
226.956	284.207
212.352	461.288
143.122	532.051
389.54	277.04
169.514	581.121
196.91	485.775
245.142	503.715
140.699	170.595
140.699	170.595
174.253	460.897
157.888	495.232
147.694	315.662
147.694	315.662
229.213	463.115
160.697	535.441
187.076	477.864
159.084	190.767
159.084	190.767
177.925	485.669
171.054	447.649
180.896	418.466
168.193	534.367
271.171	213.125
271.171	213.125
153.867	277.026
153.867	277.026
129.347	559.085
238.468	425.283
166.596	61.0903
166.596	61.0903
308.495	358.437
170.254	467.92
235.817	399.773
234.035	409.389
211.054	473.874
170.629	234.076
170.629	234.076
149.875	505.109
210.802	440.629
187.956	485.261
178.022	470.293
107.683	554.349
201.707	431.257
227.551	446.223
204.929	473.804
225.839	479.77
278.375	366.898
116.42	18.4632
116.42	18.4632
248.925	428.805
100.089	546.072
179.813	11.5989
179.813	11.5989
239.825	402.042
243.735	204.701
243.735	204.701
302.307	371.133
184.914	517.661
218.8	420.022
161.762	479.541
208.38	484.773
291.245	366.549
226.693	433.274
174.777	463.56
400.186	283.7
170.924	510.582
172.671	522.799
213.558	464.609
157.951	507.468
216.235	485.953
165.294	507.139
221.252	451.458
207.953	501.718
224.119	396.731
221.897	474.772
168.486	537.33
325.223	377.124
182.529	474.462
197.093	461.051
183.943	476.577
144.516	547.446
188.309	279.814
188.309	279.814
168.817	484.024
379.955	318.507
219.199	17.2435
219.199	17.2435
269.614	414.701
209.428	464.997
178.044	466.702
90.3696	559.103
148.983	474.273
512.926	208.593
227.969	33.9877
227.969	33.9877
157.74	544.958
250.637	410.698
335.985	328.88
346.332	329.799
131.724	499.406
182.337	129.936
182.337	129.936
190.998	289.276
190.998	289.276
203.275	483.227
169.076	535.37
240.045	437.509
245.928	413.206
190.897	473.347
90.3773	565.665
132.063	531.452
205.2	446.984
220.371	512.001
192.89	400.084
185.764	492.52
418.273	205.351
178.646	527.088
156.312	495.956
167.416	466.388
287.023	374.432
173.58	511.069
323.505	404.592
246.231	444.72
249.612	413.029
223.253	423.478
149.144	456.065
318.236	304.406
194.375	466.943
251.74	403.949
183.524	492.642
287.534	366.426
207.984	461.983
200.157	487.26
157.575	517.405
191.739	439.423
176.261	489.315
239.564	398.773
200.392	464.765
252.431	389.744
126.48	595.991
144.976	521.683
318.003	369.874
317.241	332.72
482.812	253.649
244.034	403.607
225.339	486.906
161.033	492.27
152.719	514.122
265.043	414.291
189.794	512.48
235.356	29.0814
235.356	29.0814
200.076	390.039
165.486	475.29
145.199	157.135
145.199	157.135
145.221	506.169
155.487	492.109
207.44	429.836
205.593	474.058
458.386	185.739
181.725	454.98
176.032	474.843
232.885	430.269
232.412	169.681
232.412	169.681
170.463	312.073
199.201	472.969
174.904	482.165
226.108	435.278
296.964	347.126
205.929	479.825
227.126	471.053
172.445	517.237
276.01	404.294
184.876	514.968
188.715	6.1993
188.715	6.1993
222.706	420.978
175.186	512.798
198.864	158.953
198.864	158.953
189.999	497.566
185.338	475.119
282.232	415.498
337.087	328.323
0.898094	441.741
0.898094	441.741
235.146	249.783
235.146	249.783
178.711	300.698
178.711	300.698
442.448	265.413
245.15	440.678
222.239	418.867
181.581	480.033
264.205	414.498
185.397	18.631
185.397	18.631
332.723	351.063
285.857	300.997
329.532	370.415
198.081	504.171
149.42	500.631
261.137	398.629
184.431	497.737
170.498	530.725
352.61	298.821
158.754	540.131
209.009	458.746
287.915	404.957
192.363	480.667
327.795	329.526
159.265	498.851
179.098	0.0291908
179.098	0.0291908
165.038	506.592
178.827	524.259
291.343	357.346
229.506	257.399
229.506	257.399
196.874	451.383
248.016	422.202
193.163	459.032
142.157	492.34
202.63	441.54
252.484	452.482
267.795	404.635
203.346	94.3552
203.346	94.3552
218.837	390.419
144.413	551.459
179.481	460.191
162.321	492.54
165.8	485.247
257.134	411.529
206.796	469.618
127.365	505.716
132.526	497.636
232.725	432.108
211.114	257.551
211.114	257.551
188.656	472.115
339.494	391.854
116.04	570.632
122.589	539.731
128.694	500.599
155.87	502.973
195.427	458.65
201.245	66.4832
201.245	66.4832
174.524	447.734
167.501	507.622
264.894	392.605
162.57	512.377
177.564	460.655
139.725	498.994
133.112	508.437
187.661	488.42
184.775	486.42
132.691	556.349
226.921	450.97
204.765	461.862
231.337	446.364
163.318	481.079
309.434	380.257
249.272	411.909
212.169	473.999
136.559	547.273
241.821	437.928
186.883	502.178
178.754	498.715
296.159	408.187
152.441	514.187
200.676	472.271
303.593	335.88
234.928	451.069
423.956	296.937
194.083	495.4
161.012	493.245
438.477	240.968
171.263	500.656
57.4447	449.929
57.4447	449.929
233.234	447.244
200.383	451.006
284.853	408.675
380.735	313.495
462.014	204.377
353.457	284.722
274.028	394.925
148.304	478.811
218.558	395.968
141.456	510.095
169.358	508.811
165.514	501.664
362.259	333.796
259.59	422.728
202.956	458.791
210.687	431.526
313.742	356.17
241.512	471.191
101.746	557.531
196.149	244.01
196.149	244.01
128.399	550.039
162.907	490.114
169.859	475.255
217.39	490.801
198.783	1.95305
198.783	1.95305
256.112	423.525
187.392	494.56
419.871	220.014
14.3526	467.129
14.3526	467.129
273.821	252.763
457.645	226.123
187.829	446.121
164.02	465.265
250.988	151.796
250.988	151.796
242.636	438.542
273.991	380.626
196.048	460.453
223.227	380.966
109.923	546.835
180.767	481.345
314.471	335.289
262.371	429.815
251.667	394.04
326.46	362.362
222.88	446.951
224.662	468.837
175.935	477.435
202.093	449.323
197.283	31.8983
197.283	31.8983
193.643	462.905
152.429	475.172
210.205	463.577
211.346	445.23
182.946	493.215
164.689	496.731
193.761	78.0602
193.761	78.0602
190.726	474.094
234.72	456.58
175.515	269.766
175.515	269.766
124.961	551.828
146.366	501.433
139.219	553.939
246.594	415.683
259.815	454.979
166.485	500.149
201.092	499.195
158.305	526.036
238.338	419.682
222.787	443.405
191.16	22.184
191.16	22.184
141.745	23.8248
141.745	23.8248
237.105	82.4139
237.105	82.4139
178.434	494.811
235.628	65.0029
235.628	65.0029
165.197	478.404
329.534	363.964
152.104	522.979
234.811	420.049
193.289	446.891
229.575	469.457
425.077	261.536
234.498	416.58
160.016	522.199
213.483	463.324
205.522	234.03
205.522	234.03
249.391	456.315
248.661	420.418
243.535	404.244
209.769	447.17
235.301	443.748
224.802	462.699
217.764	466.26
274.42	370.877
432.207	228.059
199.42	482.946
220.834	68.0853
220.834	68.0853
246.141	414.332
242.486	458.531
146.812	280.252
146.812	280.252
241.001	459.127
155.772	477.286
164.549	494.249
159.502	528.352
120.114	547.23
197.325	473.961
262.521	416.877
176.16	493.405
128.498	527.792
217.652	447.126
228.492	463.593
335.829	316.087
198.67	513.747
291.574	382.987
259.031	404.064
352.387	363.116
216.594	470.677
204.673	424.45
159.99	498.341
214.108	462.033
203.706	528.66
287.157	383.445
162.086	509.402
138.872	556.146
263.828	411.231
210.259	473.681
203.134	512.841
300.478	393.299
206.676	471.35
214.707	439.086
183.044	527.53
192.339	499.362
210.261	416.894
261.999	71.994
261.999	71.994
262.386	117.013
262.386	117.013
200.818	479.043
128.821	520.358
185.459	445.586
202.779	130.556
202.779	130.556
191.677	485.256
154.098	535.694
226.633	452.331
166.898	514.835
156.372	525.775
219.613	446.077
156.099	534.296
314.633	371.556
211.879	465.62
171.907	489.562
227.636	454.412
150.305	501.89
211.745	485.283
225.662	4.93102
225.662	4.93102
143.841	537.858
175.988	487.483
199.055	478.908
239.96	405.956
237.426	458.429
143.024	522.167
224.296	464.295
194.671	437.27
285.966	374.67
197.629	480.051
439.793	240.277
172.89	474.311
179.201	513.562
176.431	298.212
176.431	298.212
165.833	481.221
164.889	510.002
209.496	480.423
203.947	450.828
221.049	477.382
156.344	459.529
179.861	490.347
179.668	481.306
372.28	55.7617
372.28	55.7617
183.166	501.221
152.479	515.09
148.694	30.6386
148.694	30.6386
185.784	517.973
232.749	448.424
197.321	492.783
159.419	319.193
159.419	319.193
195.874	467.512
305.93	352.545
303.592	368.722
321.938	305.569
287.832	314.674
156.236	491.878
294.315	345.617
207.591	443.905
188.488	453.329
184.066	475.601
189.109	441.346
130.683	565.356
154.568	520.323
263.751	414.329
247.138	402.076
324.261	331.681
191.38	468.424
200.504	460.202
229.956	490.321
184.666	506.232
115.744	102.996
115.744	102.996
347.012	152.757
347.012	152.757
204.371	447.098
200.896	459.505
239.206	421.073
276.215	222.597
276.215	222.597
249.585	402.084
195.468	468.481
242.598	15.5663
242.598	15.5663
169.251	474.303
242.547	437.557
155.292	471.611
174.367	500.051
171.212	88.7669
171.212	88.7669
341.586	327.999
464.906	193.078
311.366	292.522
198.857	444.805
217.656	418.245
240.145	429.365
191.25	461.944
317.039	198.962
317.039	198.962
178.019	145.482
178.019	145.482
215.744	424.148
188.983	441.047
193.098	482.883
159.256	479.595
264.013	407.178
189.207	479.407
235.986	419.776
168.214	524.409
244.966	432.114
194.542	497.973
140.557	240.039
140.557	240.039
154.97	562.648
209.949	451.439
338.943	333.654
176.838	503.788
170.876	450.663
165.635	525.537
237.458	410.885
255.644	434.726
167.407	451.123
253.801	407.524
208.781	3.91105
208.781	3.91105
133.111	527.222
217.151	448.126
235.809	442.384
246.67	430.799
160.964	498.925
284.913	171.879
284.913	171.879
272.773	429.143
331.175	114.21
331.175	114.21
242.526	426.983
492.1	173.93
239.564	115.018
239.564	115.018
180.205	478.872
141.327	15.0996
141.327	15.0996
280.294	348.599
193.899	446.236
198.192	483.746
185.918	446.505
176.58	527.046
113.758	526.171
155.933	513.703
161.692	546.104
148.211	515.274
430.038	290.843
226.262	442.642
155.521	536.686
184.313	442.028
115.905	485.453
136.79	553.641
121.126	555.54
138.505	481.152
159.919	491.427
429.48	240.367
246.644	422.621
145.75	502.526
269.96	398.225
204.563	59.6272
204.563	59.6272
267.478	238.815
267.478	238.815
222.954	395.901
202.189	479.03
214.382	462.263
220.4	407.538
230.342	442.951
138.968	85.4224
138.968	85.4224
243.99	385.321
229.388	411.887
280.426	404.181
244.284	417.503
168.264	184.66
168.264	184.66
239.297	404.175
188.969	482.611
258.026	439.174
223.394	1.74926
223.394	1.74926
237.317	445.355
148.017	467.75
202.817	490.181
322.876	15.6469
322.876	15.6469
207.732	466.659
127.813	534.412
175.698	521.497
213.881	457.515
490.834	191.105
186.304	513.242
311.122	371.31
214.159	459.963
358.472	291.967
181.665	473.37
144.17	497.544
177.523	494.537
167.729	120.873
167.729	120.873
198.373	502.686
174.046	483.229
395.934	314.191
205.803	33.6697
205.803	33.6697
227.317	75.9419
227.317	75.9419
189.655	469.806
196.815	462.637
167.646	1.40744
167.646	1.40744
169.505	481.807
283.799	399.655
204.926	454.934
220.731	440.896
298.789	363.618
265.942	351.794
132.295	333.623
132.295	333.623
219.125	402.702
119.919	53.0307
119.919	53.0307
167.011	484.687
374.276	298.702
270.204	406.7
194.872	480.233
208.859	462.075
199.833	470.929
174.635	497.293
192.462	536.025
218.259	445.137
249.697	395.457
227.329	433.648
200.123	79.6957
200.123	79.6957
218.703	452.461
161.861	509.901
225.285	466.348
64.2883	483.879
64.2883	483.879
228.283	423.991
237.47	475.79
137.054	538.792
167.149	471.454
181.87	456.863
247.674	49.5107
247.674	49.5107
285.093	332.808
200.526	448.459
199.404	460.458
128.28	524.884
181.352	445.246
181.653	481.852
296.085	370.94
300.783	289.007
189.813	422.923
249.027	409.848
326.352	321.751
235.227	169.469
235.227	169.469
225.428	288.625
225.428	288.625
158.703	37.5786
158.703	37.5786
295.677	399.802
173.88	458.33
177.608	514.242
229.584	453.789
163.519	458.815
158.893	28.301
158.893	28.301
76.1333	463.819
76.1333	463.819
118.754	580.028
243.962	426.037
179.296	45.8669
179.296	45.8669
206.7	134.492
206.7	134.492
400.519	316.858
390.369	73.836
390.369	73.836
160.081	471.451
212.507	482.606
178.769	494.535
93.3068	569.794
185.658	452.523
183.874	489.178
335.498	27.709
335.498	27.709
180.897	85.9559
180.897	85.9559
282.965	394.865
180.926	488.792
136.168	517.897
247.005	451.267
140.97	505.888
152.348	573.629
197.618	494.639
156.882	518.747
156.735	501.919
162.209	477.557
212.063	416.626
209.741	491.327
147.935	316.046
147.935	316.046
220.841	177.031
220.841	177.031
214.827	448.756
225.129	423.626
256.031	402.624
157.908	528.791
264.06	14.0696
264.06	14.0696
202.003	496.109
185.969	189.915
185.969	189.915
132.321	300.752
132.321	300.752
149.166	330.805
149.166	330.805
143.817	488.838
224.508	415.211
178.426	497.07
154.862	474.667
130.655	94.147
130.655	94.147
378.454	321.569
187.522	445.446
178.358	517.155
205.916	470.971
194.828	456.506
193.071	129.268
193.071	129.268
179.929	469.684
175.29	492.63
184.278	146.709
184.278	146.709
191.862	476.889
403.275	253.107
379.998	317.756
155.41	521.564
276.855	397.194
186.912	508.018
231.777	464.714
245.615	3.24345
245.615	3.24345
208.358	459.168
236.326	401.056
150.125	560.52
292.074	394.238
261.367	159.696
261.367	159.696
185.943	453.44
195.498	508.41
104.69	69.6528
104.69	69.6528
198.984	458.358
183.616	469.636
178.107	457.355
242.931	409.967
347.701	350.692
333.011	353.39
218.415	458.157
302.92	317.465
241.422	205.202
241.422	205.202
189.108	482.557
180.836	507.882
284.115	357.607
241.382	384.01
190.572	437.594
213.63	447.103
256.877	416.906
300.393	336.642
182.918	480.6
230.219	432.594
369.324	370.249
217.829	470.769
313.153	393.575
168.442	482.111
204.777	499.365
172.639	186.326
172.639	186.326
223.339	453.238
131.782	124.075
131.782	124.075
447.444	242.923
173.118	461.325
143.506	467.524
265.066	410.419
126.204	541.735
244.736	445.859
293.296	4.50565
293.296	4.50565
208.082	98.9708
208.082	98.9708
310.164	178.949
310.164	178.949
235.01	443.785
229.39	265.272
229.39	265.272
193.006	457.665
234.188	397.197
215.578	465.822
200.049	448.508
189.79	468.712
248.188	213.534
248.188	213.534
190.134	447.058
231.807	36.9125
231.807	36.9125
159.554	146.873
159.554	146.873
155.388	480.224
152.244	561.287
188.959	460.937
173.223	514.681
145.824	492.309
209.818	427.888
177.906	485.298
414.581	92.1731
414.581	92.1731
83.5432	572.959
224.212	412.368
165.748	486.609
203.406	487.835
216.38	100.694
216.38	100.694
234.337	263.22
234.337	263.22
338.733	308.877
239.721	396.626
157.549	531.001
165.874	457.722
341.693	201.372
341.693	201.372
445.212	240.042
208.641	455.324
201.501	442.949
173.62	486.996
249.666	426.795
183.037	462.719
160.769	492.617
251.277	5.58002
251.277	5.58002
181.098	447.093
165.984	57.0351
165.984	57.0351
153.262	505.225
274.512	393.1
204.087	450.194
179.92	435.526
127.17	537.765
197.37	464.575
131.44	533.494
201.248	478.755
221.847	486.643
189.839	441.326
251.395	417.884
196.72	446.326
179.159	473.685
188.348	490.412
150.98	507.139
214.302	387.117
232.257	244.079
232.257	244.079
52.7654	468.963
52.7654	468.963
146.278	539.705
236.064	13.5436
236.064	13.5436
183.327	444.6
220.665	461.096
166.023	466.815
122.721	487.93
179.253	453.369
187.455	482.127
256.001	395.023
255.893	183.161
255.893	183.161
127.574	62.2025
127.574	62.2025
171.227	455.669
223.901	432.52
140.88	493.84
173.062	490.338
143.024	500.091
223.782	451.83
185.798	14.4208
185.798	14.4208
154.335	487.43
288.35	365.998
204.771	285.314
204.771	285.314
247.296	451.84
216.05	430.211
152.243	149.977
152.243	149.977
189.45	470.979
163.525	494.079
108.048	586.956
213.342	458.779
96.7211	546.072
148.957	496.683
190.566	474.651
163.736	453.741
231.315	444.438
196.4	448.049
233.484	389.381
179.994	466.527
272.886	374.173
352.727	293.663
189.99	462.324
238.083	390.034
126.566	558.735
344.484	332.413
201.495	500.913
197.073	462.628
280.48	372.909
219.98	405.416
184.028	456.505
181.177	505.057
213.551	471.487
341.53	330.65
228.205	401.547
137.686	108.017
137.686	108.017
187.315	539.444
219.715	448.784
136.949	523.146
188.643	471.745
182.129	483.872
168.697	494.66
313.682	399.734
175.631	543.785
223.148	402.204
335.218	340.357
231.06	464.127
224.273	448.242
288.656	377.759
207.347	445.23
207.056	453.963
111.319	14.4251
111.319	14.4251
276.233	364.667
180.107	0.0808885
180.107	0.0808885
181.811	479.233
212.917	460.806
258.106	392.324
239.087	450.205
188.627	469.119
113.361	157.855
113.361	157.855
206.48	41.7493
206.48	41.7493
201.422	302.197
201.422	302.197
425.924	245.885
271.871	425.176
199.837	466.569
254.809	468.243
265.781	375.911
268.022	434.773
199.944	455.174
214.808	457.399
264.88	371.891
205.762	474.172
179.724	487.458
295.359	344.065
174.006	483.596
248.139	385.379
313.616	357.606
337.615	350.242
206.132	452.976
199.621	30.628
199.621	30.628
294.841	414.944
228.885	449.385
217.078	396.446
289.011	384.244
162.956	13.8103
162.956	13.8103
131.124	530.817
293.453	416.304
177.298	431.533
240.289	429.01
229.665	451.224
106.469	589.311
159.432	485.395
386.518	41.6018
386.518	41.6018
223.87	447.439
182.843	192.971
182.843	192.971
233.682	389.79
221.435	284.883
221.435	284.883
188.381	467.433
170.144	61.0807
170.144	61.0807
240.742	424.036
157.944	468.662
139.898	318.291
139.898	318.291
194.971	505.494
168.37	469.837
195.773	504.044
229.369	450.429
234.303	444.084
140.181	566.131
294.697	393.773
216.739	468.999
207.403	456.869
262.915	377.876
185.36	504.013
227.207	432.429
168.008	493.715
317.52	364.126
187.701	471.524
261.991	414.721
243.123	457.109
284.171	423.047
166.171	501.944
192.041	443.979
303.697	393.016
201.506	190.034
201.506	190.034
149.32	220.362
149.32	220.362
235.893	438.26
148.432	536.457
286.815	350.408
266.519	397.777
148.524	505.663
190.321	434.057
198.079	224.766
198.079	224.766
224.678	445.862
210.666	436.163
209.726	156.22
209.726	156.22
200.764	48.4251
200.764	48.4251
346.213	336.942
258.234	357.258
212.014	452.538
158.211	525.954
306.53	390.015
203.835	500.74
389.344	245.406
210.781	463.06
390.259	306.41
254.279	199.027
254.279	199.027
231.105	36.1148
231.105	36.1148
264.264	412.391
304.153	385.694
202.609	436.059
141.859	504.821
226.672	467.06
154.052	350.177
277.055	376.288
239.402	459.753
160.985	514.252
354.512	336.67
184.991	441.282
278.47	443.592
192.034	436.918
203.717	445.341
150.492	582.846
192.969	153.787
192.969	153.787
261.425	375.142
219.778	434.94
245.73	404.275
234.251	455.422
263.282	399.226
161.263	506.583
201.144	480.464
169.988	545.511
216.618	463.799
244.468	433.71
198.318	443.164
160.812	484.7
204.005	421.74
264.85	402.768
248.586	425.575
196.733	515.913
154.602	482.374
189.431	448.893
140.519	518.21
286.906	433.099
189.188	475.32
267.523	40.0805
267.523	40.0805
271.977	391.13
153.514	474.594
124.563	232.695
124.563	232.695
238.672	398.283
210.486	304.428
210.486	304.428
200.597	121.597
200.597	121.597
314.027	388.004
254.849	432.841
232.404	168.692
232.404	168.692
204.38	464.313
214.841	484.771
395.751	22.0239
395.751	22.0239
222.607	492.262
233.039	426.719
214.844	480.189
173.755	515.655
256.992	425.933
208.082	474.947
152.959	464.06
190.231	453.923
299.671	397.42
212.797	409.999
195.132	440.196
182.548	463.904
150.788	508.31
242.613	431.499
233.313	409.181
149.164	549.094
228.195	24.5027
228.195	24.5027
111.866	486.227
292.266	371.008
180.612	505.497
203.881	425.658
273.719	403.524
248.135	392.831
180.033	506.577
149.528	533.774
169.204	297.437
169.204	297.437
243.181	440.426
298.783	408.07
271.521	111.698
271.521	111.698
219.714	430.593
149.561	127.416
149.561	127.416
226.336	441.939
226.846	451.178
247.731	251.655
247.731	251.655
200.82	458.056
173.388	479.605
277.187	389.33
215.47	429.466
225.612	466.747
115.383	504.812
175.312	498.068
189.364	505.562
356.29	309.37
189.88	463.051
224.068	452.963
200.077	468.005
184.052	447.768
135.17	532.35
214.203	422.701
221.247	469.647
156.495	572.238
89.1261	536.49
217.308	48.0786
217.308	48.0786
187.043	488.458
176.726	475.547
243.619	402.793
122.158	514.012
188.959	474.539
108.992	548.886
157.288	1.0704
157.288	1.0704
194.591	98.299
194.591	98.299
266.894	406.191
66.8918	471.162
66.8918	471.162
194.505	460.177
180.524	469.508
203.672	453.725
196.152	475.972
352.101	359.526
209.021	81.1809
209.021	81.1809
257.562	451.913
135.389	452.322
300.467	361.98
158.964	527.201
350.241	332.111
142.103	540.956
195.852	487.061
101.254	111.319
101.254	111.319
132.444	553.914
268.579	389.059
297.28	398.427
246.758	412.851
439.765	231.584
285.11	330.34
252.463	404.905
115.22	594.322
188.42	493.687
345.019	319.313
330.148	393.875
166.519	113.888
166.519	113.888
442.437	220.38
273.439	383.219
190.46	442.344
418.54	205.238
201.543	489.543
305.007	369.691
133.29	235.08
133.29	235.08
112.082	507.86
147.407	504.698
229.097	455.941
177.167	468.475
245.072	391.8
271.581	378.758
172.708	542.375
259.129	395.493
284.697	366.414
238.663	418.2
336.388	345.58
190.956	464.985
181.816	484.189
197.276	540.422
180.704	458.501
276.704	377.069
352.241	323.28
199.071	24.7107
199.071	24.7107
179.48	476.679
188.478	438.007
189.002	429.435
199.886	474.75
189.087	498.093
207.652	443.018
239.455	391.609
144.021	505.059
182.493	448.229
198.008	515.894
271.559	399.55
160.606	532.681
277.15	352.566
267.172	408.953
205.18	475.364
163.026	490.21
170.76	510.241
399.969	280.41
224.175	469.508
229.52	418.499
218.193	473.3
289.748	17.2867
289.748	17.2867
265.334	411.301
272.948	391.427
222.352	104.492
222.352	104.492
253.061	93.2292
253.061	93.2292
187.036	463.564
239.802	409.305
168.701	472.867
185.572	431.763
237.86	446.927
283.647	354.972
132.117	548.218
207.758	69.1814
207.758	69.1814
117.129	353.095
117.129	353.095
416.089	317.882
253.817	411.746
174.599	12.4928
174.599	12.4928
248.193	149.799
248.193	149.799
220.938	409.641
297.177	382.494
208.301	497.785
175.805	425.437
107.428	6.52599
107.428	6.52599
169.122	465.746
157.149	17.3771
157.149	17.3771
215.632	439.712
453.204	189.115
194.705	485.492
493.056	213.21
208.94	418.367
357.325	269.122
263.225	423.054
196.933	480.223
200.631	452.239
209.393	481.23
274.245	424.086
409.045	250.508
163.012	482.761
216.431	451.075
281.918	404.007
102.209	556.315
197.647	506.172
199.17	439.416
135.51	69.7786
135.51	69.7786
196.267	448.232
188.616	476.545
203.098	452.847
116.498	134.935
116.498	134.935
191.542	442.593
258.907	389.897
209.096	425.275
241.364	405.043
262.751	421.446
157.753	523.043
249.27	424.767
166.426	67.2839
166.426	67.2839
217.027	452.65
200.328	457.913
189.496	89.6914
189.496	89.6914
208.13	455.513
178.611	171.439
178.611	171.439
308.341	344.559
177.746	481.147
337.956	308.351
272.812	366.649
212.907	450.627
233.856	174.71
233.856	174.71
148.709	514.056
298.342	373.278
181.665	438.824
156.214	291.727
156.214	291.727
191.538	446.685
216.735	486.075
295.349	423.259
140.815	348.982
140.815	348.982
190.83	236.669
190.83	236.669
195.174	4.01374
195.174	4.01374
205.487	473.022
153.161	508.656
211.943	372.64
420.445	275.637
401.447	288.209
175.784	79.1359
175.784	79.1359
199.976	430.774
234.099	472.504
205.38	441.681
168.846	10.7752
168.846	10.7752
189.967	96.2151
189.967	96.2151
197.632	447.293
215.539	465.847
290.649	379.641
200.07	503.098
260.17	406.687
201.582	452.843
291.973	389.561
151.966	171.776
151.966	171.776
318.153	329.138
255.775	410.19
129.638	415.641
129.638	415.641
108.884	552.778
305.1	357.022
248.023	448.694
188.658	527.23
155.443	497.626
220.583	429.504
118.439	500.87
167.256	472.161
192.943	215.85
192.943	215.85
331.627	364.676
278.097	417.539
198.716	304.814
198.716	304.814
285.78	61.433
285.78	61.433
159.44	469.568
190.465	511.88
230.487	416.805
200.133	465.784
209.18	477.971
228.849	433.763
285.951	385.991
294.299	449.06
244.322	409.306
199.437	465.14
237.91	1.78387
237.91	1.78387
220.152	249.624
220.152	249.624
160.577	530.709
200.485	76.3983
200.485	76.3983
276.12	385.121
165.517	516.486
205.832	486.848
166.137	26.4016
166.137	26.4016
259.284	433.214
206.807	453.089
176.229	493.996
176.682	508.944
78.7944	590.715
369.378	267.499
165.801	475.634
171.935	465.834
157.479	524.038
252.286	9.8107
252.286	9.8107
275.924	373.206
219.481	427.375
219.741	443.569
238.815	424.971
296.718	389.536
261.906	406.328
147.12	502.693
239.451	468.379
312.01	343.923
165.302	481.741
213.8	3.56363
213.8	3.56363
170.171	504.444
182.921	463.377
185.94	251.118
185.94	251.118
196.14	483.328
200.562	446.342
246.614	359.883
185.658	463.155
220.223	472.15
207.734	413.192
178.018	479.72
158.534	449.828
287.137	416.637
174.352	521.937
271.133	390.384
191.235	477.604
173.565	519.789
397.235	320.291
199.782	489.647
185.175	519.841
215.723	414.425
141.233	515.065
181.794	471.782
164.744	453.771
244.626	433.246
296.072	345.05
208.544	467.394
115.918	540.991
154.872	464.866
234.688	400.463
196.078	421.167
294.494	307.646
238.865	13.2805
238.865	13.2805
169.51	476.976
205.439	481.014
211.463	453.621
191.998	478.672
192.837	458.604
221.839	451.731
163.212	470.761
172.133	448.969
327.7	338.757
273.297	388.198
172.301	58.3264
172.301	58.3264
249.14	426.582
231.893	408.095
204.247	511.074
179.906	446.654
205.232	483.189
248.733	416.828
287.586	373.656
210.215	462.505
175.728	484.928
258.437	461.191
331.639	361.449
172.697	510.8
125.034	114.162
125.034	114.162
154.454	526.649
212.442	541.527
186.795	469.721
209.83	456.447
215.428	160.881
215.428	160.881
126.632	512.826
259.358	380.502
165.439	470.548
164.19	508.894
140.028	533.935
241.074	455.983
135.618	549.381
202.075	418.296
268.081	383.739
205.282	442.33
433.477	299.55
126.315	532.686
179.339	102.586
179.339	102.586
179.449	495.005
197.344	467.28
201.49	253.171
201.49	253.171
153.563	524.552
176.511	465.129
150.728	497.713
212.108	90.8028
212.108	90.8028
265.771	455.636
221.173	436.073
179.23	493.261
235.39	225.63
235.39	225.63
264.541	407.764
147.172	482.042
201.382	7.22544
201.382	7.22544
175.27	362.191
175.27	362.191
153.615	455.369
333.442	312.538
175.12	547.614
110.658	482.747
165.158	482.889
434.619	264.233
204.953	465.839
189.399	485.903
203.228	453.342
147.218	540.175
419.035	227.953
165.577	491.022
257.47	424.332
281.886	349.296
113.996	182.938
113.996	182.938
27.0077	488.954
27.0077	488.954
256.285	450.05
193.438	471.688
285.621	379.782
250.545	421.806
238.715	393.515
397.368	269.992
229.514	414.245
261.915	375.913
163.916	484.098
409.683	254.823
322.844	367.228
220.778	413.24
239.896	385.449
393.25	281.825
272.354	366.532
162.76	477.159
197.875	165.74
197.875	165.74
82.5002	497.527
181.181	492.896
219.704	22.8333
219.704	22.8333
174.834	494.935
225.447	80.2473
225.447	80.2473
177.756	492.793
164.705	447.857
151.686	507.248
277.921	377.196
155.137	551.969
195.738	105.852
195.738	105.852
142.149	510.707
204.038	479.89
193.796	451.578
289.246	382.478
177.176	517.159
187.398	471.11
182.235	431.013
265.538	372.588
198.616	457.812
190.282	313.367
190.282	313.367
301.586	352.974
90.7259	263.153
90.7259	263.153
237.312	444.263
231.663	78.4852
231.663	78.4852
172.24	474.751
236.539	401.562
269.004	422.201
198.799	490.249
184.006	519.552
370.625	344.354
150.602	55.1328
150.602	55.1328
179.213	50.5899
179.213	50.5899
294.947	384.235
155.436	518.398
467.063	218.884
211.996	482.834
272.729	62.1513
272.729	62.1513
157.8	41.6858
157.8	41.6858
243.123	408.569
199.419	457.063
333.309	352.873
154.982	26.924
154.982	26.924
215.549	415.743
190.134	495.725
207.214	457.097
248.252	452.685
181.719	480.007
192.45	89.9205
192.45	89.9205
289.476	404.317
229.411	475.546
186.512	445.745
406.058	233.311
323.938	392.895
181.909	481.287
281.4	394.439
187.588	473.475
188.947	70.9544
188.947	70.9544
170.353	505.346
180.111	204.862
180.111	204.862
190.214	468.571
127.16	519.104
197.992	210.081
197.992	210.081
245.911	405.394
239.381	446.968
262.572	399.214
221.646	450.49
391.853	263.991
230.836	467.751
323.552	196.929
323.552	196.929
169.129	20.7225
169.129	20.7225
285.86	345.648
144.454	513.665
232.697	427.881
136.409	526.042
219.422	470.43
143.21	542.831
182.258	483.56
252.026	104.095
252.026	104.095
198.342	453.327
207.249	463.148
184.483	489.871
293.336	389.709
177.689	460.138
213.178	447.402
197.427	464.369
211.929	426.323
339.597	348.85
327.736	155.897
327.736	155.897
144.991	462.166
349.775	330.794
259.371	416.832
248.323	431.932
317.259	43.4821
317.259	43.4821
199.362	461.437
184.998	60.2098
184.998	60.2098
246.012	362.738
164.963	467.247
148.88	301.449
148.88	301.449
201.482	77.103
201.482	77.103
239.352	428.307
217.64	448.327
95.6583	49.4371
95.6583	49.4371
198.3	459.683
146.713	523.59
270.333	400.848
202.326	463.891
233.067	441.163
185.881	459.233
245.049	467.535
287.367	62.922
287.367	62.922
190.889	523.2
169.584	521.795
317.275	375.087
253.473	387.667
226.964	427.816
371.878	234.611
386.869	267.145
125.985	363.511
125.985	363.511
201.866	453.754
103.722	552.228
188.584	505.573
158.961	160.469
158.961	160.469
377.935	263.793
241.629	401.132
194.596	487.238
280.63	376.524
196.238	269.529
196.238	269.529
291.012	423.925
140.335	363.713
231.007	470.106
185.294	480.672
252.24	410.445
237.359	244.821
237.359	244.821
197.322	466.79
194.765	473.423
313.181	335.107
180.464	463.658
213.68	514.297
133.89	525.023
198.731	446.379
94.0233	509.227
224.299	444.251
261.585	387.378
196.259	444.279
298.094	358.923
193.413	513.401
199.899	472.799
284.321	8.83359
284.321	8.83359
234.09	467.224
184.685	491.901
194.882	458.592
190.303	473.604
216.252	446.285
247.853	291.025
247.853	291.025
321.44	321.883
133.585	525.025
159.152	294.598
159.152	294.598
175.906	501.562
170.125	498.781
173.559	448.134
172.188	494.221
167.561	487.7
201.869	479.286
372.087	287.822
372.047	2.52716
372.047	2.52716
234.316	447.504
150.58	492.856
130.227	542.232
194.198	461.274
132.751	485.399
216.019	457.648
195.915	452.206
187.437	462.98
153.59	30.5252
153.59	30.5252
195.227	399.87
234.895	435.428
221.749	448.529
163.22	490.404
207.213	301.44
207.213	301.44
170.68	448.975
142.111	528.361
203.788	493.804
310.323	355.463
223.576	245.18
223.576	245.18
197.255	487.176
363.9	265.117
196.689	486.012
323.501	342.408
133.531	569.168
230.192	436.369
232.221	269.855
232.221	269.855
217.027	455.24
244.936	451.689
229.493	5.50209
229.493	5.50209
201.245	51.8579
201.245	51.8579
298.308	360.961
169.165	492.379
198.769	490.972
179.083	524.317
171.639	504.796
135.564	510.777
225.909	438.32
225.569	466.685
152.076	483.312
288.691	389.196
255.202	401.029
358.125	167.593
358.125	167.593
290.808	2.44185
290.808	2.44185
189.697	230.173
189.697	230.173
334.081	339.108
95.7996	552.4
127.935	15.3293
127.935	15.3293
94.2887	560.058
150.427	502.354
167.675	460.824
253.866	445.89
192.664	492.164
147.014	53.6091
147.014	53.6091
260.811	466.951
283.087	340.476
270.472	412.878
103.254	509.597
162.818	81.6607
162.818	81.6607
171.624	275.498
171.624	275.498
223.983	460.089
281.654	390.102
180.459	463.766
268.362	383.91
251.356	382.147
228.128	451.048
154.177	532.704
127.211	559.158
216.991	287.358
216.991	287.358
190.055	312.901
190.055	312.901
231.534	421.305
202.623	482.706
243.883	479.086
153.811	478.52
229.733	459.722
413.218	279.014
190.223	463.178
186.398	89.0403
186.398	89.0403
393.032	305.742
230.295	258.912
230.295	258.912
199.165	82.5512
199.165	82.5512
270.021	142.283
270.021	142.283
202.891	19.0313
202.891	19.0313
301.363	396.378
172.177	266.636
172.177	266.636
87.7447	557.775
183.33	476.278
319.509	70.9216
319.509	70.9216
204.619	412.745
266.759	131.323
266.759	131.323
192.077	306.847
192.077	306.847
201.711	469.258
288.1	413.532
178.608	505.93
227.556	445.374
91.6783	570.906
153.225	526.381
219.982	462.234
124.472	352.355
124.472	352.355
221.178	439.337
211.287	480.822
154.842	104.964
154.842	104.964
189.188	470.087
213.495	6.40123
213.495	6.40123
266.533	8.20186
266.533	8.20186
223.029	135.019
223.029	135.019
224.984	487.942
279.27	424.98
194.948	465.636
210.651	437.546
250.867	422.391
222.515	25.4529
222.515	25.4529
330.459	362.146
324.978	286.745
140.913	275.672
140.913	275.672
82.8601	77.4997
82.8601	77.4997
152.071	526.516
221.653	430.655
227.743	417.572
327.831	389.184
172.698	472.847
198.822	460.803
191.362	448.252
195.385	487.22
329.245	374.149
263.846	420.035
195.016	457.152
286.253	253.612
286.253	253.612
146.923	523.286
239.927	0.354425
239.927	0.354425
285.696	402.677
181.436	473.916
204.361	435.242
282.185	395.392
266.089	439.8
193.296	460.029
185.998	477.865
227.413	454.09
335.901	345.662
235.784	403.687
180.805	484.747
201.274	485.999
145.473	502.07
251.679	429.806
187.625	437.088
168.178	510.32
200.656	164.055
200.656	164.055
188.489	11.2718
188.489	11.2718
296.27	379.166
262.43	454.303
188.024	437.933
150.558	507.44
190.936	471.544
233.241	479.888
208.483	467.989
196.764	489.513
225.411	446.027
183.629	450.772
240.793	184.69
240.793	184.69
203.964	479.666
242.227	421.431
208.978	72.354
208.978	72.354
286.559	427.445
166.089	548.255
197.352	455.38
238.352	420.414
155.807	475.091
249.674	374.49
201.903	476.778
358.593	350.433
246.224	430.618
202.704	450.87
318.42	395.183
254.434	265.117
131.956	341.677
131.956	341.677
317.429	338.817
218.312	431.414
215.683	412.224
243.978	404.652
200.611	491.907
115.141	593.136
194.726	476.146
93.1747	551.678
245.841	417.895
296.65	399.976
188.911	463.941
217.451	486.874
355.423	269.854
203.733	103.312
203.733	103.312
304.231	302.909
211.18	427.771
185.04	438.639
209.279	462.648
269.415	319.671
224.72	417.09
219.511	452.843
336.082	354.815
339.357	307.862
354.199	287.069
208.943	463.504
224.283	183.388
224.283	183.388
361.502	292.795
183.25	304.915
183.25	304.915
478.125	235.726
158.451	517.009
115.372	33.9967
115.372	33.9967
207.487	454.333
197.762	493.549
200.714	434.933
190.232	1.74529
190.232	1.74529
200.226	494.452
237.215	445.232
175.863	82.4654
175.863	82.4654
236.932	459.82
144.391	490.695
254.061	432.674
273.64	218.377
273.64	218.377
233.832	419.021
310.416	350.853
170.394	495.844
208.692	478.35
211.775	65.9962
211.775	65.9962
368.253	281.853
225.242	402.058
232.256	441.446
196.035	434.808
295.139	362.381
201.105	463.708
167.68	481.603
206.707	408.895
197.516	468.602
160.243	502.465
178.466	464.978
220.979	480.673
201.546	478.551
210.179	24.0905
210.179	24.0905
234.324	427.362
244.945	415.87
275.094	402.211
200.054	482.311
187.419	458.626
164.531	486.623
170.091	513.158
191.431	478.398
133.761	568.233
198.973	450.63
307.775	371.181
255.94	404.795
204.209	467.637
228.479	474.946
553.714	120.22
168.459	500.314
271.738	428.573
263.252	12.2707
263.252	12.2707
158.183	216.698
158.183	216.698
139.969	94.9843
139.969	94.9843
248.786	428.986
201.146	325.428
121.196	526.497
217.933	421.651
248.042	479.829
243.558	446.062
124.609	475.67
229.83	444.891
228.58	414.32
247.162	416.803
206.128	424.986
142.889	513.65
224.908	472.91
261.173	372.007
230.7	451.368
110.341	559.473
170.844	503.38
143.771	530.704
181.62	500.652
225.65	49.3708
225.65	49.3708
144.391	550.123
203.15	437.82
187.339	491.805
204.616	449.167
197.808	516.227
122.572	81.4417
122.572	81.4417
268.299	3.38915
268.299	3.38915
398.186	255.674
206.625	430.514
164.929	528.104
167.046	525.909
168.582	495.051
144.617	523.695
322.312	382.518
243.366	243.585
243.366	243.585
200.408	89.1967
200.408	89.1967
211.495	454.365
119.828	549.234
180.672	474.729
196.559	481.566
128.565	311.572
128.565	311.572
178.197	487.685
237.873	401.641
149.622	28.216
149.622	28.216
179.542	519.691
156.023	516.257
402.563	265.12
145.477	48.5059
145.477	48.5059
204.845	453.503
220.349	439.692
194.227	204.123
194.227	204.123
165.026	507.219
142.089	490.163
245.665	395.607
144.568	490.211
133.072	77.6885
133.072	77.6885
210.156	410.23
350.535	26.0571
350.535	26.0571
152.84	519.136
235.778	281.227
199.975	470.761
347.528	320.349
168.88	520.233
227.317	421.982
210.183	470.702
216.853	491.081
345.54	309.693
164.127	486.992
241.005	401.587
209.116	496.018
179.394	464.836
175.23	501.65
173.008	440.267
221.791	32.0057
221.791	32.0057
246.815	385.534
171.565	295.066
171.565	295.066
187.564	490.263
131.052	105.143
131.052	105.143
225.584	421.027
115.591	557.578
225.033	223.409
225.033	223.409
148.937	541.008
95.8455	244.387
95.8455	244.387
162.923	576.752
235.693	461.222
418.259	209.827
181.17	494.657
227.123	408.434
200.347	494.538
227.13	473.384
251.549	384.468
215.397	442.043
165.175	73.0772
165.175	73.0772
211.859	440.028
233.511	460.014
168.088	164.236
168.088	164.236
191.661	510.026
347.852	364.965
135.54	577.462
183.676	482.685
293.956	284.917
122.67	533.543
252.303	74.6938
252.303	74.6938
147.319	3.92797
147.319	3.92797
195.882	458.103
278.905	351.852
163.923	470.177
158.295	487.088
268.824	389.797
206.512	475.604
129.479	532.124
150.671	429.884
215.533	426.365
180.35	521.721
219.956	461.985
207.135	196.193
207.135	196.193
185.554	522.135
250.689	471.914
148.094	329.723
148.094	329.723
188.889	457.594
243.552	107.881
243.552	107.881
271.036	420.691
248.989	399.822
218.577	431.233
158.968	509.012
156.345	268.266
156.345	268.266
234.731	390.034
145.094	97.6335
145.094	97.6335
237.467	456.853
185.461	479.701
123.846	567.527
307.87	360.357
266.247	428.821
171.973	502.363
189.143	447.228
240.613	422.267
150.763	467.134
195.946	478.05
195.188	502.385
209.724	453.155
137.019	496.539
349.155	370.799
391.697	268.77
224.468	478.982
256.502	393.402
194.612	494.199
235.47	432.08
200.222	480.191
320.047	422.721
219.944	470.565
230.552	383.562
168.597	468.781
193.456	517.265
207.004	15.946
207.004	15.946
185.62	471.776
202.285	492.251
168.192	476.902
227.792	493.302
167.316	537.312
188.323	437.645
228.083	404.989
370.807	301.152
136.606	506.744
252.252	436.445
249.255	460.478
127.515	270.174
127.515	270.174
183.664	258.894
183.664	258.894
202.153	486.188
140.128	46.9052
140.128	46.9052
139.588	520.706
181.611	471.914
422.501	275.248
257.336	8.87205
257.336	8.87205
217.423	453.051
168.301	493.566
204.396	500.822
110.991	545.615
272.62	381.907
189.734	474.816
192.415	463.107
182.28	221.637
182.28	221.637
259.782	57.8393
259.782	57.8393
193.465	482.648
347.891	285.747
174.109	484.248
286.4	198.911
286.4	198.911
258.988	419.354
222.48	420.334
158.577	483.521
253.314	413.595
154.264	524.22
111.971	551.488
227.208	454.902
211.073	441.624
388.735	334.271
181.555	470.462
184.766	497.029
321.127	375.732
197.967	463.267
196.906	481.133
199.647	469.222
247.797	474.453
167.876	286.699
167.876	286.699
152.708	550.757
220.823	485.886
215.242	447.526
215.455	463.698
153.82	554.823
176.506	524.262
396.245	297.543
232.785	465.108
262.132	438.459
181.49	473.741
197.538	426.004
138.777	512.3
251.57	411.651
290.959	378.714
87.9938	8.88495
87.9938	8.88495
154.597	459.254
274.325	423.26
120.112	12.645
120.112	12.645
220.592	456.709
148.804	492.673
211.999	467.302
170.132	494.859
304.203	389.216
273.33	16.018
273.33	16.018
188.991	274.895
188.991	274.895
132.589	505.25
251.059	423.066
171.516	517.096
402.275	277.542
171.105	464.824
254.068	395.103
312.871	41.6198
312.871	41.6198
348.049	1.89862
348.049	1.89862
297.911	341.949
197.319	460.886
302.355	335.117
153.12	539.796
218.126	439.592
177.949	484.559
222.097	453.375
162.396	481.338
353.85	294.37
319.236	326.732
153.728	533.969
158.63	508.099
342.639	330.937
343.23	316.397
201.873	467.925
278.392	8.92257
278.392	8.92257
177.088	508.13
199.831	462.322
183.42	456.125
241.659	423.222
228.016	460.098
226.842	446.862
144.337	497.985
129.531	505.044
150.321	500.973
198.93	456.837
112.559	192.357
112.559	192.357
225.998	430.166
158.333	542.724
203.954	459.518
191.689	178.188
191.689	178.188
186.553	436.021
170.86	518.275
161.059	477.684
174.682	65.9797
174.682	65.9797
262.474	423.926
277.959	408.19
236.986	427.073
125.077	551.326
165.179	526.018
203.898	529.858
188.714	490.789
240.888	404.362
217.279	471.615
251.296	1.13841
251.296	1.13841
180.545	538.072
186.731	10.505
186.731	10.505
210.553	474.273
191.68	461.194
137.405	514.22
254.098	222.939
254.098	222.939
225.578	475.148
168.862	479.868
168.058	540.703
154.942	91.4585
154.942	91.4585
216.79	442.487
400.279	256.462
276.51	374.24
253.655	185.94
253.655	185.94
182.978	513.63
236.941	432.813
172.172	458.989
186.62	435.643
191.352	453.683
196.094	433.284
204.465	439.245
244.04	418.625
224.56	100.8
224.56	100.8
197.142	532.505
185.94	456.154
267.708	430.923
228.788	463.569
154.405	554.062
204.624	486.241
236.243	432.494
145.343	474.578
113.529	579.986
212.009	468.498
242.586	447.205
216.948	482.015
160.061	510.559
227.669	428.665
79.2185	434.932
79.2185	434.932
188.72	261.138
188.72	261.138
255.323	453.28
209.307	219.068
209.307	219.068
216.973	440.5
251.593	441.161
185.463	470.844
185.637	44.5156
185.637	44.5156
151.631	536.407
145.426	532.584
163.945	469.889
294.771	411.057
188.44	476.779
154.541	506.931
100.55	545.865
238.067	492.071
260.471	15.12
260.471	15.12
218.237	479.921
167.925	464.527
200.802	462.324
197.749	486.049
141.095	489.64
236.175	439.821
234.107	209.581
234.107	209.581
201.712	483.587
257.08	421.831
312.054	337.158
195.35	491.554
140.147	499.619
229.792	207.527
229.792	207.527
423.782	276.116
171.91	460.522
138.477	534.408
85.1643	577.504
329.09	299.435
200.053	489.035
128.807	289.969
128.807	289.969
236.311	436.757
172.386	440.881
280.385	56.937
280.385	56.937
231.272	107.804
231.272	107.804
231.109	426.857
166.657	447.359
344.257	358.185
209.054	482.063
117.635	535.604
200.505	455.657
193.012	460.412
134.414	519.801
188.154	474.192
228.081	415.372
229.972	450.98
147.902	536.039
217.29	466.108
189.344	484.465
288.398	365.539
181.524	466.547
171.35	482.793
176.554	480.055
232.096	265.754
232.096	265.754
212.773	434.466
146.759	515.68
170.41	325.752
170.41	325.752
272.074	422.556
200.43	463.628
409.458	266.282
339.341	354.536
176.662	477.604
114.177	522.715
213.262	447.711
203.645	486.685
155.152	516.336
145.873	449.946
190.955	43.0339
190.955	43.0339
145.28	562.384
183.302	464.613
192.646	495.483
318.563	394.842
260.355	406.384
193.293	88.0065
193.293	88.0065
169.361	533.558
216.906	85.882
216.906	85.882
218.264	455.594
184.284	435.5
220.227	381.241
184.474	533.814
133.117	531.683
232.278	379.63
229.637	416.582
178.856	487.842
456.117	269.93
216.84	426.028
176.834	481.103
172.623	133.665
172.623	133.665
135.327	78.1434
135.327	78.1434
181.917	485.979
214.711	116.075
214.711	116.075
223.516	471.955
171.3	464.364
157.522	468.712
124.825	43.5505
124.825	43.5505
208.5	74.6567
208.5	74.6567
219.637	23.8414
219.637	23.8414
187.847	478.085
260.873	39.2177
260.873	39.2177
561.021	129.484
352.726	299.955
316.89	365.65
127.297	3.78616
127.297	3.78616
260.003	411.89
228.567	138.113
228.567	138.113
134.506	85.5663
134.506	85.5663
98.0091	552.38
251.447	380.685
174.283	472.398
232.642	414.159
172.563	501.553
205.472	456.49
165.778	466.06
205.155	445.308
204.54	468.438
197.125	451.732
255.061	394.667
215.486	405.632
293.077	362.695
135.134	523.989
182.679	471.526
287.406	401.915
178.246	476.268
331.781	387.856
225.049	433.369
269.789	400.885
187.937	447.427
121.684	515.83
189.253	442.259
156.415	483.914
195.497	493.992
170.069	494.126
188.038	486.302
194.432	458.724
170.724	470.744
304.654	402.102
322.756	22.945
322.756	22.945
174.574	461.677
227.401	435.292
221.87	455.012
258.478	384.483
404.008	285.28
221.478	418.196
226.648	455.504
280.12	368.165
182.894	431.044
195.951	445.893
198.987	453.458
239.714	396.19
413.483	293.772
232.081	444.719
129.21	319.321
129.21	319.321
148.268	519.22
139.035	529.682
192.152	434.989
250.545	403.135
392.965	283.857
218.963	453.306
132.435	536.92
155.826	450.156
200.966	444.365
260.576	36.1298
260.576	36.1298
212.162	4.54118
212.162	4.54118
194.149	437.331
192.512	477.118
196.768	463.592
190.32	491.92
443.12	218.349
404.368	285.128
181.461	478.703
219.585	437.104
125.095	527.756
277.876	397.608
212.391	456.319
195.479	456.035
180.285	505.247
171.019	324.11
171.019	324.11
228.018	449.156
303.557	388.369
282.542	22.4818
282.542	22.4818
180.623	495.691
185.462	464.826
145.143	477.837
176.729	503.857
142.063	545.37
211.402	463.13
165.573	106.934
165.573	106.934
232.04	395.487
239.159	409.148
167.811	529.293
202.511	474
171.121	517.328
295.299	372.828
245.007	462.437
198.181	445.7
182.001	510.833
200.646	259.762
200.646	259.762
196.916	441.711
129.474	136.849
129.474	136.849
214.497	422.437
186.752	495.089
227.178	433.257
182.251	320.042
182.251	320.042
180.367	312.366
180.367	312.366
199.917	436.961
223.887	434.265
127.443	534.467
262.84	121.883
262.84	121.883
191.753	464.594
145.573	547.924
312.508	330.403
209.83	501.547
161.344	486.54
296.077	396.726
255.022	442.463
175.472	500.154
223.528	420.037
362.663	307.32
188.742	458.229
250.14	392.529
247.029	436.612
199.44	464.549
218.672	537.454
158.027	351.432
158.027	351.432
172.367	506.015
323.17	350.941
224.73	442.262
354.026	299.247
196.577	482.724
277.314	413.514
184.747	470.732
177.392	542.271
266.835	425.67
179.395	471.907
201.519	425.391
151.269	523.74
173.81	546.947
154.717	527.416
110.273	499.618
243.808	422.113
199.996	428.359
176.903	518.334
248.274	425.019
205.185	479.575
235.944	94.6529
235.944	94.6529
166.033	508.678
141.254	515.671
286.7	387.012
197.185	308.73
197.185	308.73
284.565	103.405
284.565	103.405
111.204	510.552
329.472	358.247
246.158	46.3046
246.158	46.3046
155.947	478.811
157.64	15.6609
157.64	15.6609
161.412	466.487
139.505	487.137
243.516	413.246
197.604	513.174
159.709	519.333
