90.1399	598.75
107.031	270.579
94.4713	95.9751
4.70009	60.071
48.8514	199.959
103.96	516.688
29.0483	624.156
36.1567	633.575
7.044	105.179
9.79791	213.057
97.4217	549.154
5.20253	710.458
73.9882	592.152
174.356	477.799
215.228	491.788
29.2132	667.062
126.149	510.008
25.1464	667.494
98.6236	553.681
64.2955	592.368
37.5143	618.072
76.9597	434.117
6.17444	482.417
236.75	170.154
205.87	470.536
39.9525	648.396
176.632	453.731
4.938	667.544
52.5539	134.32
117.833	570.712
5.79631	655.179
7.5855	682.465
110.032	567.534
188.32	491.167
192.581	269.458
35.3265	568.561
22.1736	653.644
76.7241	601.465
202.834	496.606
2.96053	633.662
107.171	539.512
119.89	332.169
109.291	558.865
88.5731	600.684
10.7413	630.651
29.1298	612.832
31.2714	623.921
43.7929	363.535
6.71546	663.122
31.5704	626.156
116.347	537.62
222.032	440.327
242.835	50.7274
196.587	493.953
60.142	6.99514
32.7458	671.475
78.1081	578.291
32.6797	598.359
75.1509	560.654
84.7025	71.5825
175.679	534.574
65.0477	5.50415
42.0188	601.915
195.05	461.131
65.7136	621.107
36.4136	615.929
14.787	208.823
23.4169	85.1465
196.443	530.548
69.7254	572.416
121.47	599.966
4.17688	619.395
144.14	35.1224
40.6157	606.697
222.02	496.061
95.8475	490.711
38.774	207.419
18.93	646.93
15.9165	60.5259
64.1008	614.328
51.5555	611.635
143.836	500.312
122.591	548.166
44.0178	586.278
151.54	531.787
198.679	491.19
40.5243	613.455
29.6017	644.621
107.48	551.019
180.834	536.723
11.8091	614.624
58.0271	599.92
12.4718	663.134
48.3278	619.18
49.4682	418.469
35.9445	617.095
47.7692	565.221
28.8838	440.161
68.0275	588.328
67.8812	610.71
183.792	504.289
247.731	384.15
91.158	576.453
26.6668	665.353
85.1678	664.844
88.5274	613.786
33.4996	678.645
59.505	612.991
31.1913	398.879
40.9	129.22
171.457	483.697
43.7635	628.397
47.6082	117.757
343.995	405.324
48.8883	617.467
47.6758	607.757
8.42877	632.095
96.777	563.581
192.745	497.35
19.2416	425.076
79.1848	575.984
46.4638	661.523
86.2192	532.681
16.5105	703.015
22.1406	688.575
114.058	592.26
19.559	18.1899
10.683	654.586
107.893	557.578
15.3944	147.771
152.352	536.554
42.8474	651.425
246.195	254.02
107.383	557.951
112.659	554.806
137.477	516.679
18.9817	122.063
44.1647	629.266
84.2807	598.56
126.192	560.759
290.395	352.812
50.4173	608.071
100.759	605.34
47.3698	446.604
27.374	649.245
22.3767	170.356
21.9919	6.37747
62.0055	82.0548
171.035	496.825
147.801	448.97
57.9157	642.853
48.9795	600.349
5.04213	113.362
182.561	500.524
61.8186	615.181
78.0571	609.455
39.482	641.735
17.1228	630.301
37.7298	399.444
178.619	468.963
41.5858	12.1722
105.803	529.536
173.782	85.6752
120.081	525.622
33.1196	638.884
77.5601	385.923
38.5758	609.526
16.4484	203.272
88.8828	188.94
30.0371	434.444
87.1476	641.66
121.981	589.438
205.251	434.586
12.9685	665.266
196.299	460.494
14.3492	393.512
3.66655	2.94589
12.8239	634.585
34.3519	596.451
67.4511	109.143
378.793	303.119
245.433	372.02
35.0319	593.484
118.982	510.239
60.6469	609.949
85.2983	586.933
82.1565	576.549
16.3534	667.067
309.353	404.022
176.326	534.11
55.6701	583.028
17.0155	609.711
222.522	435.091
89.0359	643.164
42.1166	626.089
28.4558	666.756
26.3884	131.663
6.17625	13.2597
31.2966	649.893
28.1273	672.258
8.97851	302.353
3.96145	628.285
93.8558	260.557
138.958	542.096
118.05	67.0266
11.7108	657.644
7.63197	77.01
17.4216	613.783
22.1407	639.785
15.1294	629.31
26.5814	590.213
172.762	103.596
166.645	483.34
196.25	474.288
190.514	514.875
190.993	453.809
53.9171	621.543
45.7778	606.626
36.7136	628.64
22.4691	618.748
9.81732	120.327
128.406	504.31
48.3088	561.025
106.397	555.383
36.3633	639.189
34.266	685.535
68.4178	574.132
88.9943	10.3471
28.1009	413.199
75.9973	585.996
44.0333	617.105
32.4773	675.398
24.4263	306.455
39.9334	138.061
79.7874	574.797
116.453	592.657
91.5133	552.719
4.74746	30.3574
114.663	546.286
142.211	513.255
13.0754	632.444
59.7526	23.0966
62.8517	613.032
238.742	441.298
5.69246	19.1868
67.0064	615.43
3.71089	287.002
103.301	572.482
189.651	408.906
181.799	469.081
45.8058	620.866
202.525	486.893
117.607	284.589
15.536	435.843
91.361	599.343
57.3115	182.913
3.57857	678.466
179.905	479.061
57.3396	633.941
9.20184	668.14
112.666	503.881
34.8361	657.763
123.906	557.087
8.19506	636.999
194.34	464.783
12.6838	661.561
13.5571	147.144
206.836	517.632
82.5889	201.557
4.24015	665.387
23.9109	645.368
176.167	467.433
1.81498	16.3094
77.9053	610.314
28.0413	1.34411
187.468	503.091
105.544	622.884
1.01248	631.95
42.1691	645.253
70.7273	252.627
19.8127	252.836
57.2276	546.437
42.0355	611.066
30.9507	614.194
194.943	462.306
52.4906	588.568
42.949	600.936
165.366	484.768
146.179	551.549
70.9016	581.511
72.1284	581.54
26.8526	637.028
41.4616	635.78
18.7447	129.785
235.24	392.101
61.8586	559.896
23.5359	623.131
25.0293	638.92
13.4246	629.75
30.0129	668.655
39.4472	281.657
62.8733	596.251
182.791	468.591
106.391	86.536
151.653	193.674
205.683	255.442
67.0157	361.38
86.5099	600.898
7.54854	665.662
136.586	497.546
90.4514	598.327
143.998	471.259
24.7113	641.403
184.332	457.258
13.5079	616.788
71.0714	587.875
2.37417	14.9356
13.7848	632.63
0.517895	673.235
200.734	483.163
23.1874	614.174
86.7155	627.951
6.08381	658.806
77.3395	388.076
36.2328	584.598
6.24561	322.719
58.7183	620.43
86.8094	546.876
185.498	450.333
142.387	511.136
38.1993	673.718
16.1237	653.957
10.2005	682.68
65.8391	581.489
27.7589	441.239
39.0458	432.476
84.3447	585.669
75.2585	590.125
114.376	528.161
62.3629	575.998
36.3269	617.607
38.3256	604.693
67.2847	134.686
30.2333	629.13
14.7772	620.713
155.848	507.847
40.3026	631.657
41.2983	144.119
167.749	531.439
218.544	513.351
6.27963	150.034
15.5231	194.897
18.0041	677.75
7.63813	655.09
42.5171	645.377
22.8125	623.875
53.8386	613.999
12.4635	664.964
10.5613	38.976
34.6571	628.917
0.337681	658.103
42.4001	614.134
60.9194	195.436
210.894	68.9268
23.3632	373.722
14.8975	619.019
73.0988	365.941
74.584	594.305
20.7089	54.2599
74.5021	598.107
181.445	486.859
7.2204	666.484
82.8271	588.431
316.707	34.208
85.3643	174.012
40.898	676.028
11.8036	623.191
168.709	466.165
210.933	5.73208
38.6411	188.758
119.173	577.563
93.956	583.275
192.442	489.998
80.2723	312.088
16.5267	56.7618
210.247	130.996
19.7147	447.446
50.2895	585.869
38.8829	630.904
40.3061	597.613
80.1371	598.797
32.066	615.942
12.5845	622.033
42.0089	663.636
69.2749	565.388
49.1946	11.4589
21.5629	620.472
18.8557	93.6545
76.5175	569.541
85.5831	601.436
272.587	362.18
9.66916	639.755
120.645	557.451
167.125	521.99
157.397	495.532
8.89886	694.725
86.2345	202.782
19.9883	229.992
28.0604	23.0389
75.6484	562.708
412.405	221.889
27.5725	649.976
21.0383	217.226
124.082	557.566
56.8918	30.5347
63.3303	594.503
179.115	456.056
81.9905	618.593
139.914	526.593
18.4579	132.335
106.414	593.723
39.4657	659.939
47.7416	628.618
171.062	80.2854
1.12673	667.685
170.11	459.036
130.086	543.263
170.365	518.525
62.8761	589.594
49.4479	248.42
137.972	487.087
22.8594	647.573
173.012	508.103
8.42399	126.717
34.6604	677.394
84.5216	594.055
115.593	541.018
16.5419	667.567
134.57	552.31
37.2983	601.087
81.1453	580.709
130.513	546.313
539.215	32.2673
25.2738	460.629
24.0747	80.7331
88.9867	627.979
63.1854	600.185
24.3023	19.4332
254.305	385.8
108.507	538.133
24.7705	618.453
40.0388	606.979
358.711	336.931
55.8161	644.98
75.5199	14.2907
20.3352	455.866
22.6894	611.284
117.339	538.827
44.3934	12.5568
151.052	482.837
33.5699	635.063
22.5281	664.37
134.899	358.015
81.8227	103.841
105.995	571.075
137.936	513.592
91.3667	549.392
6.80835	642.796
12.2695	661.385
20.1949	599.409
158.521	503.92
89.136	599.908
9.91879	669.892
24.8709	629.166
56.8793	605.55
147.289	509.971
48.4944	627.04
69.0236	613.682
222.576	449.151
111.654	572.549
178.342	486.33
30.5386	453.606
0.956937	413.891
40.71	219.102
60.2576	631.807
1.43922	629.931
158.6	511.929
77.5036	586.362
13.6438	675.453
40.3685	603.996
125.39	574.554
19.7968	365.741
36.8579	151.87
11.8737	630.738
79.5578	589.482
78.1213	600.891
18.602	654.763
33.861	605.182
32.6014	585.671
51.8622	612.299
87.8327	584.057
99.2038	605.133
28.6472	379.346
85.7607	435.41
71.8	617.881
94.6293	572.41
87.1695	567.067
25.2269	647.222
61.3845	596.287
41.3206	594.782
299.671	314.382
166.909	500.068
97.4878	583.352
34.4518	601.768
18.6651	632.958
20.1173	660.556
206.871	16.1902
12.2513	53.0683
24.7641	648.337
339.69	298.531
43.391	649.546
7.3759	631.126
41.3483	587.107
117.246	533.638
25.213	622.321
137.256	523.694
69.4892	633.226
18.5538	639.848
242.691	423.17
80.922	283.376
71.4481	599.223
85.3424	607.443
83.4744	588.318
4.1572	631.942
71.1275	610.463
2.21221	115.518
36.8863	664.502
144.087	530.755
16.2127	343.653
58.3979	663.55
16.1333	625.133
10.248	141.759
56.013	614.756
144.542	526.92
46.0088	588.468
19.97	625.003
29.9506	645.319
19.7642	26.641
4.14031	139.727
0.208553	683.189
29.1067	646.473
112.153	371.003
26.2418	646.798
115.226	106.405
40.9215	631.578
28.8424	138.005
163.677	521.368
36.4605	192.1
3.89357	609.204
128.564	498.198
173.941	492.405
383.379	249.936
81.648	147.804
81.0537	50.6334
32.4804	631.799
140.127	531.567
7.61623	635.209
16.581	603.869
40.011	570.454
169.286	582.602
68.5282	623.28
95.7804	40.5836
190.322	450.931
125.614	534.574
79.201	376.603
18.2961	381.417
27.5054	677.822
6.11889	650.061
39.293	635.413
184.667	451.124
14.8622	651.381
56.272	300.538
214.425	437.318
11.475	705.634
81.8185	602.669
10.2259	669.224
34.9253	399.078
1.59243	349.911
50.313	668.489
13.5933	651.864
173.109	456.709
103.458	130.841
134.904	560.519
26.8279	677.406
39.1028	183.445
53.0979	597.907
103.127	555.699
17.8708	628.966
25.0259	600.654
16.4793	633.704
226.215	195.328
18.8536	648.574
242.148	426.751
44.6745	35.7718
296.962	375.666
36.2951	640.078
29.8691	661.485
137.861	514.784
28.954	658.666
7.189	610.999
46.1621	33.692
34.7619	632.821
0.34366	624.929
24.6959	622.764
238.511	419.415
298.876	350.131
26.9057	609.432
14.2541	141.898
8.83119	324.082
181.242	411.142
45.6905	575.052
52.5251	568.609
54.5348	609.844
106.484	175.966
8.0452	635.641
6.59083	664.246
320.442	395.956
14.2497	664.467
57.6622	248.891
1.70362	666.393
57.9686	589.788
43.216	584.108
7.66037	689.496
11.5119	607.955
57.4992	557.142
37.2196	626.574
44.3888	621.7
69.051	590.027
40.2927	591.708
0.916844	667.074
46.0989	595.149
18.1147	230.714
5.05726	466.152
84.2715	403.942
72.3658	325.096
90.4527	640.611
178.534	477.407
3.63299	115.576
9.96353	615.975
19.9308	682.302
108.793	589.975
148.291	502.191
124.105	517.081
198.282	506.95
89.4119	584.702
72.4139	528.177
6.96568	603.264
12.8748	441.799
35.0928	623.286
264.612	385.262
51.2878	544.644
75.6309	20.855
249.791	428.68
72.135	624.125
81.6957	558.902
9.29695	677.488
122.195	554.88
174.341	461.329
32.3043	659.825
179.852	475.817
53.4837	654.699
99.079	609.936
11.5041	631.568
29.935	18.2072
92.9947	85.5188
76.8454	66.8491
149.703	9.46076
25.5191	162.459
77.9229	387.704
46.2011	627.607
47.5247	631.712
183.699	448.385
187.314	445.935
22.3981	643.444
41.6826	616.463
27.5727	658.422
73.3857	83.6602
66.3257	596.824
36.3773	28.9999
57.8876	611.5
57.7254	631.631
94.294	513.398
104.747	594.728
41.4139	667.102
40.8369	650.862
20.3544	629.121
27.5798	669.451
31.7377	135.458
48.8627	586.215
41.0247	45.7753
185.354	514.85
123.284	553.503
13.1854	630.79
148.155	497.651
84.1958	576.248
42.3408	636.36
10.3764	629.597
185.513	464.826
40.6823	686.257
44.1169	625.515
148.004	554.162
160.86	470.031
106.704	625.027
189.728	202.11
12.7128	679.192
49.0083	123.453
5.48134	49.0246
26.6265	678.071
23.2901	603.666
6.04684	401.137
38.7104	6.12526
14.0594	666.574
87.2607	6.27562
47.7562	606.173
35.6295	195.013
85.7308	541.859
18.6545	633.461
210.29	441.706
29.4094	637.28
24.6048	702.432
22.1174	662.672
71.0293	578.56
134.696	63.3743
12.0255	1.62756
202.422	469.417
29.3963	673.196
9.71292	11.6447
44.0561	640.203
40.4979	32.5221
6.95314	673.781
122.645	566.058
192.335	529.193
190.573	467.118
39.3527	619.582
27.879	645.475
74.5907	14.6653
43.4968	203.421
19.4287	646.919
33.3808	626.308
76.4126	582.221
76.5245	552.871
36.3224	623.191
186.704	494.613
25.1382	358.229
117.374	570.756
203.498	468.837
11.1565	4.23418
202.053	492.905
106.813	539.749
48.5586	592.864
24.0829	657.329
84.5853	318.618
30.1426	630.913
227.4	477.021
9.67008	7.16712
30.9245	646.292
113.007	531.846
84.901	574.996
29.9477	629.515
50.8905	634.098
127.972	583.043
15.0266	634.973
181.409	500.575
79.6686	338.438
61.2046	5.16285
104.052	329.204
197.087	482.327
34.7747	299.857
68.6138	619.858
204.084	463.411
86.0287	612.276
8.4845	322.689
31.6918	624.322
48.0607	605.844
179.988	466.056
127.046	529.207
54.7168	12.8019
193.182	497.26
28.1115	619.04
55.7376	589.167
185.588	449.38
235.891	412.217
16.1979	640.933
122.854	568.711
68.3989	585.85
41.458	4.93005
23.684	640.486
43.7571	82.3645
183.939	477.63
180.675	482.373
174.465	491.569
12.2726	3.19287
117.955	548.249
21.8505	616.66
99.8718	556.462
187.286	459.226
36.8362	612.255
42.9521	625.072
23.6503	325.062
244.457	444.743
110.314	562.571
33.9487	5.31313
203.709	414.445
162.051	447.946
100.635	103.271
92.0264	576.962
21.0061	605.281
35.5637	694.849
49.6273	662.391
62.9127	608.271
39.1597	369.338
55.5442	619.093
34.5747	394.753
108.788	580.054
104.703	378.009
77.9973	605.148
188.954	478.362
113.073	541.808
95.4193	596.053
157.852	82.9898
195.364	473.112
154.846	501.87
5.24829	598.211
71.228	210.747
89.7989	563.537
31.6423	650.78
27.6303	634.037
72.6985	570.916
47.9884	616.648
64.6569	640.626
107.704	563.088
15.1419	651.978
97.0061	251.382
104.974	587.975
39.7027	637.735
135.713	31.6088
33.02	607.106
37.0509	621.006
145.253	439.322
12.8278	284.16
11.5237	613.862
34.8577	639.824
164.552	492.513
122.952	516.818
131.798	547.384
78.3754	2.7631
236.03	427.011
37.067	634.593
178.738	493.999
98.964	580.607
111.147	547.123
20.9123	671.113
6.75589	28.316
37.6241	660.022
5.53021	2.44841
10.2939	100.649
43.3632	32.3609
56.748	645.219
11.7753	646.035
37.4744	614.247
83.5832	317.968
43.1299	106.625
90.1879	48.0731
46.968	633.918
28.6043	666.02
261.392	472.75
52.7712	622.255
34.1515	601.407
42.3128	647.282
49.5212	586.432
35.0531	620.136
35.2146	350.557
35.7711	606.637
164.835	493.66
2.51094	621.855
49.1936	603.712
57.2968	613.368
44.0779	642.239
225.955	436.851
142.441	524.614
37.7267	589.599
54.17	660.986
26.8444	651.661
17.8768	638.93
53.7665	630.636
99.1517	527.187
12.9769	661.664
31.3958	245.334
86.8313	542.126
152.906	525.892
17.119	634.696
106.307	552.575
1.14325	649.916
62.6446	565.35
176.112	485.288
44.5007	645.952
39.4355	618.505
234.716	401.071
177.959	461.635
62.4633	587.811
188.294	482.753
17.4931	663.333
37.922	615.591
54.4912	640.694
30.3143	670.251
44.2343	620.346
139.055	510.145
80.0106	101.359
181.852	453.097
83.6363	173.675
59.5373	32.5546
131.819	113.464
35.1982	626.603
35.2351	203.737
84.7747	581.18
39.4859	416.674
45.3664	583.925
27.7669	343.308
162.161	458.31
2.49429	645.99
93.8311	573.03
175.621	462.413
58.8775	582.595
165.941	555.242
134.872	517.488
57.865	586.402
43.2353	26.6913
65.9858	582.159
48.1011	401.871
181.885	459.109
158.755	10.0722
78.7061	572.02
77.7976	611.191
11.7836	630.476
29.8206	620.586
3.91768	495.06
23.5167	636.515
154.786	85.5601
77.9569	637.868
114.203	513.982
126.763	0.786082
30.0119	665.073
85.5012	604.895
45.9195	567.764
54.3373	603.532
28.2272	622.351
98.098	579.638
249.155	434.997
10.4599	666.699
27.8373	672.736
22.7909	624.006
48.2655	602.437
5.2117	640.748
95.4287	562.039
69.9143	551.746
12.4507	590.369
141.709	547.159
22.7149	687.64
9.89561	644.861
101.787	3.5059
156.773	517.2
151.229	504.552
61.6322	3.8264
36.6901	656.756
227.683	418.031
72.15	611.635
55.7105	640.751
16.1628	680.028
32.3172	595.029
90.656	545.225
231.739	116.486
303.996	397.677
34.4991	630.882
9.82119	59.5116
121.89	108.328
79.7463	603.384
56.9373	617.574
11.4518	648.626
55.4346	587.474
106.95	2.63693
130.606	4.32314
66.6169	402.193
67.6926	209.001
102.408	387.175
36.2632	583.952
12.406	642.27
154.443	553.24
115.489	557.599
374.724	206.565
23.3023	633.92
152.237	490.904
12.5266	647.432
27.5936	47.4612
30.02	648.489
37.2431	295.653
18.7502	439.858
86.0947	614.606
57.5982	308.941
33.6713	25.698
25.338	655.777
39.5938	583.789
84.2464	628.72
89.8778	572.201
27.3366	637.051
38.1771	635.686
7.62318	670.876
116.505	562.572
20.8317	653.971
50.1949	576.008
196.906	523.206
61.3195	631.281
12.8321	232.554
26.8962	647.622
72.3024	76.2152
248.089	451.278
302.812	419.745
53.8507	668.792
28.0331	607.772
102.2	536.502
78.0683	624.114
10.317	630.57
41.6663	627.661
105.37	591.765
31.8139	612.735
25.552	654.689
84.6907	612.01
8.049	606.329
60.9712	181.665
48.3944	637.865
16.1988	44.1777
20.0425	680.308
34.59	149.837
142.446	515.476
52.3081	182.608
69.3166	628.028
69.5485	651.904
6.66272	68.949
14.8815	659.638
180.575	525.048
362.048	156.085
20.7401	618.491
5.59519	641.855
25.1772	648.369
48.1487	593.805
11.7933	652.82
16.9486	636.482
177.337	480.685
116.592	574.066
6.27441	29.9438
28.8388	437.55
34.9521	665.165
101.705	578.02
124.469	516.551
56.5484	624.304
35.3398	651.991
81.2784	546.168
149.812	176.463
33.0143	27.3341
160.191	497.063
281.438	411.193
5.99025	19.1846
59.839	624.988
0.973462	35.0236
93.0228	598.925
13.6342	433.787
62.2852	625.868
132.248	493.316
76.5786	383.844
44.1847	391.406
34.5709	631.284
28.6792	626.62
25.5593	699.626
35.7821	589.37
252.133	404.19
27.035	634.033
42.0115	648.24
35.5726	635.178
26.5377	659.67
311.682	380.089
28.6469	598.421
9.66992	0.980312
153.395	511.349
3.17722	674.235
275.298	384.179
123.013	586.764
48.5569	615.838
286.956	383.653
36.9182	599.186
43.2595	619.975
125.153	550
287.748	340.252
61.4653	590.451
48.95	581.74
16.0949	650.843
14.1851	671.694
45.2955	82.2606
51.5904	619.818
5.45282	487.292
6.86252	674.525
49.15	613.379
3.86383	649.599
149.168	519.004
9.14456	14.7991
169.748	327.975
88.6467	552.146
13.1938	670.313
123.757	28.6262
179.969	501.274
81.5082	59.3256
37.5773	609.892
56.8487	585.392
15.2794	624.46
13.7068	4.14559
5.40536	194.931
43.558	631.815
61.9369	63.0816
63.6761	589.882
23.6173	395.054
32.6292	6.76661
31.8941	604.371
43.2445	140.071
77.9441	582.724
11.1291	656.071
46.7674	652.384
41.2922	616.839
37.8485	581.808
43.9594	641.799
21.9916	81.6475
91.6236	509.034
36.296	682.119
49.8578	631.809
83.9934	370.541
139.242	482.253
7.64456	653.782
50.4995	195.573
29.2564	430.125
20.8077	14.3448
249.538	392.784
36.8326	385
209.258	477.591
39.0363	662.546
14.3765	647.312
94.3719	584.12
323.324	329.56
78.1655	583.671
10.893	161.965
15.8849	219.609
0.318176	659.182
45.1565	57.4102
54.7818	600.486
15.485	678.738
163.932	468.346
348.974	310.487
23.4755	596.535
18.2292	465.573
18.6519	679.489
52.2287	371.251
37.092	673.838
41.3511	618.193
51.1554	90.9244
185.829	536.667
63.4112	276.473
41.0412	82.8194
25.7564	3.41422
51.9791	621.275
73.7223	643.113
201.482	499.227
45.5196	570.564
30.1583	209.46
18.5955	617.854
34.5137	630.63
23.605	614.465
189.227	527.52
145.526	521.061
66.6004	546.194
19.0449	717.246
8.35073	147.255
160.854	472.92
270.226	429.224
17.4534	626.617
4.34102	646.829
20.0631	74.1435
95.9862	544.592
40.6458	9.53349
133.417	12.3116
26.8507	444.041
18.5551	655.865
43.1727	610.295
107.096	541.005
16.373	80.6318
50.2653	584.461
239.963	416.193
74.9671	565.997
1.06418	46.4428
8.23589	677.629
14.6339	641.117
16.6688	593.7
32.2627	676.847
49.0248	617.393
34.2732	485.021
69.62	605.204
132.856	123.415
78.0251	594.821
78.2347	556.873
19.8242	41.3794
109.465	119.696
120.122	518.253
22.4094	640.371
133.197	586.766
74.9008	546.133
146.075	533.739
27.5494	637.719
51.899	630.764
215.722	495.877
63.8055	632.43
62.4859	306.037
23.3507	627.908
25.7278	611.025
190.514	447.847
59.1233	463.889
56.8844	607.989
171.884	456.41
29.1883	439.694
10.0294	22.4223
228.054	431.542
162.944	2.16294
14.5872	403.918
176.596	473.234
106.566	548.262
25.8932	631.385
204.322	487.653
44.5598	608.537
94.982	582.832
15.9187	657.797
39.6386	250.412
25.0803	652.483
192.965	509.361
275.258	250.394
81.6974	629.948
4.5264	644.367
163.204	499.741
156.312	570.485
293.824	345.707
42.6896	631.007
28.3111	58.9418
120.331	565.56
41.2243	614.593
5.81302	657.806
76.7841	616.694
26.4527	614.967
2.40167	649.853
51.524	580.242
33.0021	626.889
15.9932	650.613
189.188	502.213
18.7132	655.221
165.418	500.715
82.5498	391.889
341.134	329.068
119.715	504.346
42.9195	59.1856
129.787	566.104
21.3405	616.459
55.1252	593.66
27.1003	264.264
114.764	136.058
31.5177	657.635
76.8859	553.221
76.8455	586.461
31.5933	659.999
208.24	472.939
101.106	562.381
153.803	515.401
21.109	342.86
154.799	529.601
98.469	559.236
20.716	615.775
45.0827	582.424
36.0238	627.431
23.8397	48.9737
0.48193	650.169
40.6723	632.948
168.034	46.205
65.7489	652.701
114.035	547.923
7.26704	89.033
70	137.815
5.36583	657.354
56.8332	272.284
9.57603	94.5364
118.827	544.981
64.0516	618.196
123.104	587.192
206.667	461.251
199.577	461.541
48.3467	653.3
182.321	489.748
24.9972	654.956
5.94794	665.11
161.679	459.014
30.3858	653.158
9.96455	658.521
26.6234	201.202
263.346	427.272
97.2409	628.233
39.1537	218.067
16.0756	684.938
130.06	360.537
49.9666	17.6397
185.331	477.304
70.1523	569.617
400.763	278.003
89.4804	539.699
31.3196	641.096
100.21	590.871
27.6877	639.013
1.09051	658.904
30.2332	645.897
24.9972	607.334
77.4718	593.857
188.83	201.46
20.329	663.913
89.4001	612.679
8.09353	640.934
113.261	537.728
181.67	447.769
18.5293	647.262
198.769	493.759
64.9757	627.777
25.7702	640.546
11.3687	626.984
50.9557	44.1763
13.3355	575.608
15.9577	657.687
173.395	570.551
69.0381	592.348
30.1887	623.795
188.902	454.857
164.624	496.432
328.666	202.81
193.725	480.698
126.256	569.065
19.7943	631.234
84.6066	518.635
39.4741	661.508
155.181	48.1846
91.3976	564.539
36.486	630.22
64.8401	604.988
157.891	501.772
16.0134	638.969
35.2071	629.237
14.1034	635.83
190.567	474.59
28.8387	641.652
58.88	414.36
12.7529	139.16
21.7583	617.792
0.917311	659.96
11.7227	622.459
29.6156	617.538
63.1965	579.003
49.86	617.504
131.224	543.696
208.031	469.435
55.7376	632.422
7.17041	662.399
51.3548	601.505
22.0132	374.926
207.92	501.77
119.895	20.3561
80.5852	592.429
112.009	536.016
109.374	621.076
113.576	574.436
359.693	299.626
31.3086	630.403
1.66497	304.133
30.3334	600.307
4.45487	325.046
47.229	245.985
15.6322	650.106
117.612	523.391
28.8338	623.931
10.5045	277.464
128.723	609.512
186.604	471.607
12.5908	652.316
124.897	504.186
81.8905	567.251
11.4963	634.077
62.9099	312.806
78.014	555.184
28.072	684.073
32.9228	267.113
180.393	477.864
143.209	513.331
35.0882	629.946
55.6713	622.423
12.9807	641.668
78.6492	557.357
34.569	110.972
1.57331	422.029
38.7342	607.26
78.3512	211.109
45.5721	555.497
22.9665	354.847
75.7431	599.073
88.8252	82.7875
122.068	548.995
24.8614	632.07
185.241	489.975
28.4846	597.818
6.95089	629.912
0.75393	701.32
37.4315	668.242
71.8515	603.94
8.03792	250.74
321.741	350.794
18.5534	619.454
11.6932	303.395
32.2332	630.571
49.5234	598.961
306.942	376.145
69.7402	316.152
23.6309	443.445
16.0047	633.829
19.682	717.147
53.4249	666.34
162.366	350.496
224.991	460.666
7.843	635.64
14.4012	673.179
161.109	509.818
48.5827	606.435
198.131	489.205
38.9561	595.494
12.1034	641.187
40.0372	641.161
38.0416	12.1929
98.7417	334.993
166.567	448.439
164.858	514.753
154.442	151.081
84.7949	598.524
38.5704	658.811
57.6501	661.116
418.327	272.211
46.4444	589.928
82.2363	620.464
173.792	469.131
149.048	502.108
103.838	585.181
327.023	202.234
17.7854	630.018
94.6913	181.792
8.18722	693.256
80.1521	561.634
17.8637	391.381
162.585	515.806
1.89808	432.801
87.1883	570.279
23.507	607.384
22.4321	632.853
213.325	466.081
120.227	516.021
50.6571	584.3
33.748	650.146
85.3813	647.04
41.0723	622.885
104.149	565.707
20.3154	615.823
289.615	376.818
128.754	573.162
61.1612	622.508
66.2896	592.059
14.1297	227.319
69.3863	115.19
136.746	495.863
18.2403	655.165
115.265	505.447
56.5093	595.495
8.96508	647.254
55.518	35.5851
45.8065	639.309
38.4743	176.233
144.608	529.91
38.7905	661.462
11.9074	632.371
10.9508	652.71
4.25779	626.585
51.1541	433.627
44.6419	651.183
127.385	569.475
38.1739	641.038
54.8332	92.2411
17.1567	4.32297
24.9036	652.934
224.096	409.969
152.529	528.398
106.777	618.902
8.50212	170.327
36.3046	679.203
51.5909	606.941
30.0745	649.383
34.4323	584.027
212.762	480.624
5.18563	594.507
12.7016	690.836
43.3355	619.537
17.2051	664.187
29.9564	626.14
91.5399	269.441
158.171	521.798
85.3358	553.071
20.1965	694.792
149.691	496.741
118.376	592.795
45.6731	594.668
73.4792	616.956
146.314	520.417
21.414	641.941
43.6727	646.755
198.727	470.379
579.421	119.517
82.1433	171.087
49.3483	638.062
85.8628	151.64
11.077	659.008
7.26172	135.31
109.931	517.712
11.3003	662.792
237.931	471.845
254.545	451.186
73.959	100.384
82.0148	542.568
152.638	341.319
96.1279	367.602
53.1495	609.717
141.457	554.313
131.763	532.929
44.295	217.791
41.1234	608.114
71.4567	41.4458
35.7503	633.777
215.22	433.093
20.093	651.861
178.102	564.077
200.517	434.557
10.9307	641.531
133.644	541.651
43.9576	643.399
111.321	545.345
59.3909	216.256
47.138	44.979
19.0043	366.11
109.002	545.43
194.982	520.406
15.3987	686.13
21.6559	683.568
51.7887	29.0912
197.974	515.517
136.774	490.479
2.22715	126.386
164.791	468.838
17.0664	463.134
18.3184	664.533
142.748	524.078
63.3036	603.744
44.5352	617.56
202.725	497.964
22.9599	595.421
32.3114	618.737
173.452	285.943
178.21	484.561
30.3536	607.966
41.6356	46.7152
254.099	423.131
414.733	220.553
136.263	503.76
34.6504	637.987
201.471	492.494
223.511	398.878
32.1632	662.037
119.578	518.93
110.06	599.983
192.087	459.305
25.8275	670.928
106.354	585.618
12.1774	647.297
39.4834	633.076
7.46726	17.5569
27.532	628.779
143.491	543.661
49.7866	364.196
37.2519	268.485
20.4148	652.266
112.761	137.98
36.4866	643.562
76.0391	616.494
49.1298	654.567
283.881	371.48
6.96831	672.502
160.33	591.947
37.1624	615.374
207.709	480.622
54.7928	604.141
168.636	495.115
243.88	504.676
29.9185	626.992
26.6425	365.5
10.9316	469.342
104.432	591.798
70.5502	589.099
275.454	389.694
66.8931	62.3517
16.1543	25.4771
79.9565	386.807
69.4446	637.936
22.3823	593.478
46.9839	601.736
66.2051	615.524
59.2034	606.411
50.172	676.89
75.8287	571.539
50.8535	607.885
14.8305	675.746
71.4606	610.73
156.124	523.639
94.0988	79.8347
11.2141	638.086
116.893	23.1022
70.0893	589.926
192.337	483.907
10.7361	629.361
17.6962	17.1169
262.394	444.972
201.82	462.997
284.836	398.285
65.4862	612.178
42.113	644.897
77.2479	436.345
136.281	550.368
433.206	292.444
13.2026	650.695
70.8143	136.202
14.8077	440.857
31.6863	327.673
30.2696	253.122
126.709	524.364
17.7818	642.499
21.0537	604.703
24.0224	675.787
68.6739	619.974
94.8634	530.341
170.221	491.326
82.0122	601.794
116.373	343.625
46.5794	647.892
124.632	581.027
295.431	414.268
141.755	299.02
51.9312	74.4627
15.9541	641.287
3.81706	655.307
11.4675	706.223
89.9872	589.113
75.4435	581.006
23.3366	571.442
9.66347	694.776
176.299	216.514
7.57997	101.541
138.182	530.301
87.1964	581.996
107.629	536.273
3.72613	590.036
29.349	643.82
105.55	593.451
37.3919	460.068
75.3164	120.338
93.5388	561.334
127.719	599.814
202.336	471.016
83.6074	593.428
73.586	23.102
105.006	577.278
1.0665	623.241
132.522	531.235
18.256	671.62
59.7963	96.6592
41.3771	598.66
46.3992	625.399
36.8302	632.001
28.8322	614.825
108.574	545.692
168.653	500.971
46.3387	590.883
137.048	529.945
106.044	37.4523
84.3591	581.541
177.649	522.331
19.6603	677.508
150.028	478.85
82.6256	559.093
38.7181	392.787
37.9379	616.359
29.7961	611.075
39.5518	655.489
157.523	525.755
29.7698	685.166
15.8399	397.774
16.777	231.543
21.1847	26.9475
78.9906	587.607
86.4986	576.668
39.252	639.605
17.6502	650.166
15.083	667.522
16.7811	689.246
265.569	359.996
24.0547	637.036
312.661	381.121
11.5299	74.0747
125.106	511.219
11.7828	631.683
200.616	437.837
5.5465	664.987
50.7521	577.954
81.2164	585.35
170.565	505.687
41.9757	600.417
89.2801	388.936
10.5071	71.7513
71.3693	619.194
7.48881	651.76
298.077	367.595
11.762	673.265
27.7212	676.045
41.4625	625.922
50.5158	545.377
242.024	433.251
56.6512	429.84
209.769	509.826
37.0685	614.035
9.71055	669.661
90.6978	250.577
43.3918	42.9379
20.1636	700.035
167.781	489.642
48.935	597.66
171.352	516.528
94.4246	571.834
65.5235	593.098
7.99008	253.314
372.953	321.836
48.9543	561.802
16.6167	0.748003
121.354	188.828
6.54367	646.139
27.8317	609.393
143.972	45.6043
13.1247	643.146
115.297	559.993
21.3976	603.879
61.2985	594.855
102.433	564.376
44.8189	604.899
70.1025	559.743
101.35	605.01
206.597	509.339
204.652	469.168
114.155	502.13
37.9003	581.812
214.906	458.266
43.0824	263.62
101.066	554.393
40.1992	624.556
223.9	440.179
142.564	182.321
25.5563	654.545
28.1698	8.03893
43.4243	577.992
198.054	425.277
23.511	652.173
216.092	474.109
14.685	629.575
186.266	471.469
31.7562	420.233
169.836	445.676
33.3718	676.39
95.0921	598.901
109.867	521.335
72.6739	611.976
196.66	475.933
8.54211	618.942
189.94	453.895
15.5901	454.062
11.8563	47.892
102.158	42.1299
21.2979	644.745
66.4326	589.365
232.533	445.912
357.59	407.592
67.2556	1.68675
83.9649	587.564
83.1606	576.232
179.778	468.411
31.2633	609.176
278.601	394.477
183.152	494.162
72.155	639.754
174.347	467.891
15.2985	640.321
50.3288	610.613
8.74589	70.3963
180.836	436.338
15.624	631.703
101.731	583.329
9.69047	606.543
59.6505	644.817
56.3328	597.258
25.7069	282.349
187.39	476.62
7.46366	7.09865
90.3681	624.855
28.7465	590.357
53.031	604.609
56.9737	611.463
98.2999	571.288
76.9441	590.962
95.0482	524.681
44.7499	176.314
6.84054	379.231
134.74	509.327
36.991	619.877
14.1673	397.565
91.758	578.402
117.481	43.8333
74.2768	78.0131
82.5266	63.4834
2.49491	580.385
181.154	500.17
294.524	403.812
41.4926	622.369
14.0836	42.1662
416.854	239.491
173.847	86.1723
21.1205	664.985
75.1805	555.523
26.4523	622.974
4.08065	629.777
244.612	456.189
114.781	519.249
11.8446	303.177
247.707	419.831
99.1277	151.012
11.0293	653.182
21.4301	629.13
180.683	16.7855
78.7408	620.416
84.5093	575.988
47.0972	614.666
21.6873	12.3322
342.773	300.626
29.4236	704.36
181.487	14.9652
1.54855	659.226
46.8053	94.1194
40.3082	660.75
172.221	462.218
307.213	383.653
197.989	531.296
145.185	553.181
17.0913	51.7531
39.468	611.615
12.338	648.539
13.9979	682.393
26.6041	598.175
5.63825	632.994
75.9237	260.029
114.733	346.779
2.8166	205.65
52.0582	607.815
13.504	355.69
16.5162	650.141
35.6467	617.387
75.5	655.759
7.01085	14.5814
28.0514	694.713
14.2622	478.336
6.465	682.15
20.8239	679.305
109.978	519.693
80.7753	614.156
6.63564	668.328
22.1301	207.141
78.7223	583.39
15.8102	663.82
30.6596	426.757
156.509	501.647
144.016	502.884
106.539	573.899
38.0245	694.191
193.484	456.589
74.5114	74.2059
5.102	656.528
200.018	458.92
432.267	291.497
170.485	482.191
79.9507	627.166
19.0575	646.935
216.823	470.905
14.1688	630.118
59.8338	13.1339
69.8337	365.707
61.6818	312.267
170.715	497.144
20.4305	677.095
75.1083	589.62
91.6065	306.544
87.5089	564.913
10.7513	647.668
123.605	580.19
29.196	654.698
58.9509	620.451
19.9412	599.878
61.6454	669.278
180.385	467.031
48.7954	625.302
101.602	141.072
61.8694	347.335
81.2569	416.196
18.8475	259.039
45.9823	612.551
187.222	18.7388
18.0317	633.562
191.004	476.501
0.967693	17.1182
57.1659	615.046
104.972	599.03
38.4525	652.939
18.3727	176.627
45.3496	611.177
30.453	3.57879
111.119	499.951
29.8599	255.471
24.6809	672.037
14.7044	645.097
163.232	468.596
29.56	662.916
7.2568	701.103
85.1744	578.693
127.541	558.999
235.969	469.263
64.9612	605.386
10.1369	256.265
33.0153	472.164
21.8634	637.26
45.1493	646.691
6.62579	84.0059
97.02	582.081
20.7891	137.468
107.886	604.305
32.3143	653.848
137.549	527.362
173.063	522.478
20.6125	639.705
20.8952	607.25
170.366	486.885
45.6246	605.247
43.826	613.368
50.8489	624.636
32.7599	616.196
90.9541	554.78
20.8433	324.187
32.6607	583.453
16.3251	19.2314
20.7154	642.215
156.571	524.77
25.6121	649.179
3.69012	2.42481
58.7946	38.2575
14.1127	652.147
65.0204	620.461
19.7507	629.452
90.8764	596.668
177.837	487.98
37.2907	666.337
29.7598	650.912
47.15	620.935
42.666	619.79
40.4096	644.689
16.7957	415.078
38.8689	118.962
91.081	578.371
36.9187	667.74
35.2546	647.526
7.10967	458.506
56.8031	21.5964
4.99637	413.12
64.3112	626.571
21.8021	687.637
59.3358	621.086
38.0668	609.382
22.5712	644.983
48.9411	615.886
233.541	368.776
136.868	546.644
188.226	481.787
62.4861	357.363
71.4966	638.43
177.584	421.906
52.9429	38.2074
120.046	551.765
207.554	460.152
104.552	74.818
14.0534	610.999
15.4534	646.401
142.522	571.458
72.4557	607.555
4.13675	96.1082
34.0386	589.106
183.007	426.547
18.5534	627.926
68.6068	579.175
196.662	480.684
44.779	612.198
15.647	660.835
40.6598	649.558
14.865	686.278
20.8208	173.565
3.5666	696.436
58.7485	577.759
14.5976	628.201
89.3582	372.339
162.299	486.133
51.5959	59.4805
8.8772	620.943
49.7771	608.153
24.2589	411.719
183.484	475.153
61.5645	592.796
3.72013	672.094
46.01	16.902
57.3855	610.76
129.826	521.443
5.39024	158.916
199.683	462.752
39.1065	617.223
31.5126	0.342022
14.7577	9.94546
60.9905	615.321
151.608	489.268
15.5806	670.318
399.135	256.84
22.1083	613.677
14.9535	378.883
222.499	481.752
97.212	535.301
152.853	531.717
8.97731	21.4044
512.621	209.085
94.6719	400.569
170.602	491.388
82.5243	602.268
193.955	448.279
4.80343	647.666
84.46	538.605
25.9596	0.238495
81.034	619.335
36.5126	634.131
32.3396	636.263
117.433	36.6128
94.433	593.803
43.7252	688.371
182.933	469.733
367.17	364.451
96.9499	618.802
56.3764	10.9984
34.2218	623.802
81.2763	473.607
69.4492	376.731
39.07	473.82
6.93532	677.401
87.1834	609.185
16.864	654.284
80.6203	570.841
13.8296	614.746
16.7083	16.6223
52.2	639.05
14.504	600.033
71.1597	612.429
131.699	524.741
34.8229	285.396
31.4731	641.304
34.424	619.533
66.2687	582.082
227.297	496.11
35.011	648.144
38.5829	615.469
123.093	544.209
59.8227	573.979
159.926	508.922
52.3065	602.328
238.764	442.283
50.5269	649.877
0.157191	635.255
13.4251	630.771
59.5695	622.763
168.115	140.823
92.5424	195.93
275.089	367.017
36.5308	642.599
5.50145	0.941225
1.88659	672.728
18.9426	634.886
177.05	461.663
33.2743	622.825
16.5111	620.703
36.1762	640.639
4.8236	631.141
241.684	409.035
3.44083	652.205
193.016	464.553
46.8096	630.329
89.0692	589.572
25.5422	684.666
24.0516	622.316
61.0781	634.494
10.3283	643.048
16.3095	629.451
105.211	32.0472
136.418	296.338
140.083	371.747
246.194	109.725
29.4822	664.119
15.711	675.309
24.6036	671.279
112.102	170.147
32.5758	426.535
49.0574	118.099
272.267	68.8331
38.8416	602.242
35.6768	649.073
22.2693	12.5452
6.59281	694.022
224.368	490.007
156.332	498.02
2.57139	617.885
43.4779	613.263
247.49	441.428
66.2282	591.177
121.185	167.892
66.5774	627.388
4.43415	647.784
41.469	615.8
38.9827	641.825
54.2256	327.062
57.3771	404.318
60.169	177.226
32.3826	656.892
17.3785	45.4574
185.049	487.224
51.8883	353.785
380.617	265.68
27.4584	667.9
66.4705	5.80313
128.153	160.682
44.308	659.394
83.9871	538.593
81.0642	557.345
23.3257	335.258
110.803	26.3898
27.1269	228.841
180.36	502.351
214.272	431.456
111.109	563.057
20.704	601.606
5.58471	387.662
19.0461	622.426
52.0219	603.51
14.1879	637.537
115.39	588.152
19.4932	408.12
134.156	488.359
109.032	552.308
218.636	466.595
92.5087	577.642
104.047	383.751
60.008	614.321
84.9629	606.849
122.76	548.972
116.17	531.036
158.035	466.549
80.1429	623.021
81.334	588.711
128.221	15.5402
33.9143	584.724
38.9715	648.99
3.19301	27.6342
3.83783	632.337
23.0142	627.56
6.44504	643.294
18.498	673.872
172.121	447.246
65.551	564.61
31.6893	655.387
34.2775	617.657
59.3653	664.048
90.5658	604.637
106.015	554.52
316.585	104.21
20.2405	658.218
225.037	97.1615
77.4722	555.156
48.0487	589.356
52.8538	349.498
70.5533	595.981
196.814	509.688
30.6852	635.504
56.0913	605.395
8.05608	625.021
166.83	528.632
126.801	527.033
81.4827	580.879
27.4721	591.083
7.34148	654.019
49.9947	9.80749
3.475	664.525
65.6961	568.123
170.526	464.257
140.777	39.3436
36.6844	652.295
45.6931	612.876
5.10728	643.625
0.298347	652.992
150.496	522.904
37.0129	643.136
5.38067	660.08
6.4165	97.1904
27.0478	629.191
19.5706	456.39
85.0148	570.966
18.9556	638.811
29.4969	595.27
183.008	514.692
52.3877	623.805
44.5327	303.54
432.538	311.727
6.79027	668.111
64.2782	562.17
169.009	127.363
44.1378	629.241
68.3387	583.013
56.6196	615.947
6.86312	460.813
120.351	545.781
5.41786	48.6184
87.0465	39.5235
31.1331	657.301
202.222	464.13
2.32098	655.7
107.647	81.043
53.5425	216.709
79.4636	359.223
225.865	442.4
27.5816	669.87
15.2899	655.801
102.619	524.803
59.6766	212.962
95.3164	341.555
128.729	514.007
24.0639	1.80121
252.327	412.844
62.0521	13.3951
11.1508	411.522
134.499	544.707
74.3828	551.542
182.648	484.085
148.999	542.677
47.2164	628.537
90.1822	348.661
163.346	476.862
176.86	481.536
189.612	481.87
36.7798	186.004
20.0975	633.199
393.02	359.368
43.9655	604.758
20.5544	631.994
90.4137	140.121
103.384	526.699
13.6971	341.888
110.993	541.799
75.3925	586.082
14.2668	630.864
180.245	483.212
10.5076	669.663
47.922	596.962
156.514	547.275
41.3733	39.6657
61.6029	590.305
15.8692	619.955
193.922	478.582
106.759	576.241
156.338	308.712
3.77908	640.99
203.878	277.574
8.121	663.86
62.8323	271.209
64.0542	578.268
48.9412	648.681
45.3974	563.401
39.8306	341.323
43.824	29.5383
48.9704	627.921
366.578	322.189
5.78207	692.79
56.3767	357.983
32.2192	657.831
16.4972	651.083
141.854	155.444
171.353	459.672
15.8032	644.963
3.15692	433.943
56.5733	602.443
207.415	489.212
8.78857	645.442
88.5938	552.846
5.03928	650.977
38.891	637.307
46.2954	641.628
56.4257	593.149
27.1151	623.915
17.6738	10.8691
23.7259	668.397
9.70977	77.6855
180.292	474.276
424.435	243.394
80.9288	556.293
15.2412	623.024
75.046	50.8816
268.143	458.548
154.385	516.684
57.2205	44.5311
39.0394	406.158
269.567	384.33
20.1547	609.657
293.375	222.119
181.115	488.749
1.11784	673.369
8.54905	598.831
296.479	394.769
361.827	325.549
52.9788	630.162
191.217	313.953
143.273	546.623
101.842	590.511
87.1037	392.601
10.4689	352.732
27.925	638.076
47.2382	603.746
6.01427	657.372
51.2906	577.745
34.2831	8.74567
24.3193	400.59
40.5334	595.461
86.0319	647.051
70.4457	597.893
90.3556	563.529
26.9364	13.4706
55.3286	594.178
5.23467	449.803
215.353	458.1
84.734	567.009
87.3352	130.956
206.988	28.8788
50.5882	613.822
21.5467	663.614
202.277	478.168
212.069	392.156
92.1199	619.36
28.8652	636.759
111.294	585.549
37.6906	185.943
83.1932	610.243
73.98	235.643
139.592	84.9458
6.70613	648.728
68.4831	410.063
58.4819	394.177
10.9707	147.002
16.4177	634.172
43.6864	53.4609
17.0411	632.19
281.127	385.779
2.13606	633.48
200.013	149.058
35.1449	622.945
133.729	504.782
63.0059	616.344
13.1262	668.896
17.8636	614.877
37.0864	600.352
4.66552	612.952
141.235	546.221
23.6829	655.578
47.0726	392.83
207.906	451.495
46.8873	653.1
25.9833	571.784
7.84956	626.418
63.2002	610.919
22.9578	62.9598
96.9161	585.929
74.7347	592.944
53.8858	679.578
56.6731	614.157
186.455	503.015
15.8836	591.628
85.0887	594.67
5.03916	220.801
100.665	534.943
24.4917	467.151
17.2251	90.7547
35.6323	391.371
198.62	482.802
21.725	632.997
40.8344	587.446
50.6266	659.471
207.721	463.498
59.5448	664.419
8.50905	658.444
130.987	528.824
6.18827	682.041
221.307	158.895
63.9071	618.321
35.8732	640.602
208.25	440.867
19.8762	86.9156
121.408	586.233
26.9611	635.923
31.7465	638.726
19.7443	123.381
34.0066	114.348
103.438	408.334
4.32124	12.6231
22.1873	374.499
19.1491	661.404
21.7557	656.504
119.893	567.35
35.3109	631.14
8.59085	697.286
16.2703	331.592
34.8846	236.124
108.459	491.063
10.4041	658.293
25.9453	629.345
15.6393	243.926
38.2933	254.663
17.8009	679.07
20.0402	591.617
32.7414	40.4489
55.7578	134.741
68.128	551.786
31.79	270.535
29.1916	627.247
32.876	629.425
39.6311	395.092
77.5214	605.403
48.5302	602.118
43.4526	178.983
37.7507	90.8276
57.0477	127.381
42.9256	645.114
4.72102	74.996
19.1951	675.386
181.092	503.537
68.5674	25.5318
66.9491	594.987
60.5479	572.602
59.9411	623.87
11.5035	671.198
44.6308	610.161
175.52	493.854
169.81	151.903
63.0869	453.94
177.317	477.033
6.98752	617.355
18.8263	597.596
139.616	4.98553
27.2437	4.14517
25.4237	626.384
183.218	302.072
17.6475	696.051
59.511	643.425
181.508	491.997
25.2867	688.133
60.4692	49.4621
9.60898	651.005
105.03	556.843
123.32	575.084
235.153	458.163
131.614	559.508
22.605	83.4256
112.376	504.428
15.1791	341.593
139.02	445.718
26.6524	595.871
69.4078	564.145
33.2402	645.815
29.1193	112.493
28.5696	641.269
8.04218	674.906
168.682	371.81
81.1948	548.365
53.8291	41.8866
73.507	573.85
37.3233	366.365
173.944	466.295
86.0622	598.71
14.052	670.104
28.4258	96.2026
255.677	438.343
36.2082	623.334
85.1957	576.179
13.5053	643.924
95.2237	526.271
12.9311	665.997
126.724	553.242
18.4819	646.673
25.7697	654.408
6.61703	652.154
4.15888	640.589
141.005	520.386
48.6128	640.031
22.6461	2.53309
258.351	19.1713
285.83	107.52
177.825	443.684
329.158	404.784
30.3563	641.628
80.7978	599.255
254.735	439.107
83.82	597.23
205.517	479.162
49.2973	601.782
30.5214	640.706
83.555	558.755
362.448	317.022
73.7263	404.573
26.7094	657.293
64.341	562.364
102.215	607.937
183.874	471.877
216.425	454.828
31.8648	438.764
57.2358	634.473
9.03235	647.494
0.0997754	156.393
208.24	467.904
46.8031	655.714
7.45705	647.27
37.524	689.472
193.676	459.981
21.7331	636.518
77.7508	577.55
170.529	145.899
186.179	484.081
37.3454	333.969
262.544	457.604
55.0324	609.838
267.471	414.754
59.7234	99.1216
31.8757	14.798
55.107	557.946
65.6625	581.3
30.1337	643.386
6.53414	640.972
20.2653	664.472
71.288	621.618
82.4456	608.218
34.8859	610.139
142.053	155.845
176.553	454.658
24.31	686.112
209.09	308.823
176.515	475.228
49.2788	391.019
26.0373	655.557
188.939	440.309
55.6652	650.435
120.715	620.706
65.2422	623.385
26.4745	635.733
1.97407	697.199
1.24828	679.098
58.2596	330.218
24.7503	673.441
251.037	426.701
19.5541	615.692
195.781	474.998
207.027	466.764
15.2386	663.608
41.3884	645.981
54.4961	570.423
94.4781	594.487
51.6049	159.797
2.82691	665.966
67.9773	631.515
57.9458	618.899
40.1139	579.259
184.868	450.685
14.9881	484.282
14.6379	670.084
48.6641	563.853
71.9104	576.605
22.8707	651.897
195.621	502.659
126.233	526.2
167.385	518.522
99.2909	493.838
115.389	593.89
199.495	494.908
4.48463	622.546
48.696	357.368
12.1664	632.252
0.904209	662.927
94.7812	142.994
31.3442	627.543
116.927	573.871
33.3448	653.061
184.164	487.34
27.0404	602.433
0.272754	657.394
37.8299	653.193
173.158	493.476
72.0825	52.3744
87.3883	604.086
0.240944	672.822
10.7249	668.448
100.121	137.148
14.1248	695.124
301.737	404.235
170.084	494.705
8.38815	262.786
4.22187	618.772
3.40897	719.103
36.5494	314.915
81.3229	600.026
43.7382	638.537
24.6547	679.444
40.2289	689.108
192.562	215.448
40.0981	355.268
81.3532	534.305
172.856	525.271
76.1352	149.579
74.7726	608.329
103.497	262.397
209.451	489.906
4.92344	676.857
49.9961	601.895
20.6483	4.64295
23.879	219.224
25.3265	636.404
40.2396	585.423
92.1394	599.037
20.7976	651.385
7.77535	646.102
198.56	441.586
5.35464	687.734
82.6102	66.8095
82.4314	539.537
12.8988	653.902
13.5484	108.68
86.7417	15.6415
200.897	465.434
82.803	425.572
2.17169	660.412
108.835	554.15
30.8633	10.3422
130.287	3.98018
239.764	448.766
47.1988	631.344
123.664	579.942
208.203	459.995
130.304	106.266
25.2638	643.816
186.631	487.148
15.3227	628.656
37.042	432.692
35.0066	419.035
162.475	466.569
386.849	240.421
228.17	95.8266
138.116	566.968
13.4843	635.182
24.8622	245.367
0.983976	80.2783
58.9826	439.365
55.7667	622.989
79.672	613.432
38.8741	635.816
25.7204	620.544
138.945	545.652
9.1359	665.803
57.7095	593.311
80.8506	14.717
22.5981	586.64
179.717	497.901
18.2644	659.242
13.5142	672.995
1.51765	655.221
30.1337	650.681
50.6218	645.729
28.2284	628.135
196.03	493.605
109.452	539.095
38.8885	678.964
21.5086	257.647
15.8226	633.377
63.7054	644.604
0.839004	620.872
157.943	469.841
215.043	459.107
58.0123	592.842
183.78	487.066
33.9881	642.08
23.1509	609.651
7.65448	651.514
61.0272	396.602
15.2376	28.6989
97.5628	589.371
30.9264	642.676
7.58072	627.67
200.719	463.067
66.454	102.168
17.181	471.94
30.4214	629.568
194.857	464.153
35.2678	690.397
58.7629	614.507
21.8648	645.162
17.386	382.326
31.5427	658.56
204.569	514.014
4.03587	126.111
94.4895	265.475
54.2188	640.911
48.1311	593.28
49.855	598.154
26.2352	651.472
79.6295	583.678
190.37	482.442
59.6173	478.77
47.6359	622.556
31.2997	607.513
58.5995	438.18
56.5283	201.164
25.3467	651.533
221.333	447.91
126.173	533.518
26.1157	653.2
182.611	504.81
224.991	417.825
39.7192	634.846
73.4588	600.729
10.0972	663.748
95.9904	14.1067
127.572	553.098
40.0841	9.70208
39.1592	41.5112
96.4637	560.682
200.892	269.716
232.27	392.982
70.993	574.198
15.4856	658.549
89.5138	553.337
71.9464	22.1639
213.07	487.555
74.6692	602.872
75.332	590.173
6.13782	645.838
25.8673	631.422
164.527	477.129
27.807	680.494
148.644	545.846
62.8648	575.364
13.0812	155.809
130.338	465.258
184.369	484.316
1.57586	233.142
18.5487	477.362
168.458	454.117
24.9661	630.596
39.5574	626.428
40.2447	620.56
16.8652	183.073
163.904	514.086
191.481	30.5494
20.2438	657.462
29.7502	603.473
29.2434	603.772
63.0097	34.8979
103.686	510.493
271.594	147.188
12.5453	652.761
184.753	469.774
66.3998	612.177
1.65238	701.924
8.60296	631.851
15.5566	639.078
154.895	211.095
290.491	376.915
42.174	609.968
137.456	467.218
35.5867	99.6858
70.7561	627.967
24.6409	424.374
30.5521	29.7898
36.0572	350.386
75.2258	563.418
23.7496	598.761
44.7962	370.414
74.302	570.384
45.3707	637.135
2.19464	664.768
52.0337	564.404
27.9915	626.215
58.9375	601.771
15.7799	607.961
165.791	357.128
1.49854	646.476
31.6824	605.753
133.244	560.323
116.846	558.89
7.92996	12.1092
35.9982	608.477
4.80314	31.917
170.718	482.205
94.8304	1.05539
143.433	477.208
134.468	548.935
47.7206	593.784
27.4593	627.03
14.4003	227.429
38.7151	606.24
15.0716	79.1257
134.757	533.131
37.5394	607.578
41.0101	669.597
1.66459	646.446
49.3241	632.768
22.3695	633.102
31.8797	629.449
125.443	555.025
77.9222	120.19
42.0758	613.039
16.1273	640.7
3.38528	648.006
72.803	275.149
22.8929	649.128
30.556	609.327
188.652	454.266
394.829	86.526
233.669	152.437
69.3332	13.9083
59.6299	603.323
32.0109	673.928
60.6604	572.689
197.898	476.581
30.3272	605.147
1.06535	676.617
54.1	626.755
25.7398	619.631
64.731	586.398
17.5181	463.541
62.4366	246.386
35.841	618.591
171.732	461.767
45.8942	611.543
160.787	480.735
36.0395	610.399
60.6582	626.94
78.9874	588.648
33.0572	662.502
17.1919	9.84386
50.7815	691.245
97.1981	9.89008
26.9232	44.5155
95.3139	618.247
194.603	482.895
194.825	479.655
172.486	506.228
25.9561	690.114
28.7242	656.184
268.998	397.929
22.1005	15.3975
92.0009	576.975
53.8721	634.228
58.7323	609.297
16.1923	2.70538
25.5732	4.39669
8.87175	671.585
45.4581	4.0179
1.79337	697.754
172.407	475.331
8.42413	660.344
4.36884	420.591
174.672	485.496
68.5451	602.614
38.3704	97.7987
73.8577	76.3212
140.305	455.264
23.8319	638.292
37.4342	635.221
86.842	387.26
3.00595	365.334
53.182	600.601
72.4508	621.45
31.7866	683.837
6.10919	691.213
61.8613	236.226
158.1	498.705
52.9524	565.692
69.8708	108.109
192.821	483.859
77.0151	337.062
31.3297	617.759
50.4958	591.74
44.6389	188.85
62.1843	607.062
47.837	397.283
170.338	456.911
26.0729	623.543
70.8807	75.3574
61.3061	631.84
33.9785	604.147
93.5056	558.891
53.5765	622.888
206.452	456.204
267.42	411.119
107.149	510.293
167.604	493.367
521.795	170.082
89.9268	137.364
196.61	462.395
115.844	523.151
188.729	449.553
27.9406	621.825
167.146	282.475
192.685	478.216
79.6676	592.244
21.5785	117.881
35.984	623.407
28.6677	696.367
196.915	489.326
314.32	390.952
30.5069	3.47282
30.0211	639.109
42.5921	627.848
51.3068	356.068
148.019	518.333
15.9127	656.021
99.8231	542.013
76.2666	298.037
116.481	523.835
33.5773	639.679
173.044	522.075
95.6769	365.736
103.464	567.338
4.73417	691.868
202.366	448.396
10.7408	498.354
130.956	513.627
28.8803	312.711
365.474	291.876
11.4688	654.218
14.167	176.006
41.6498	407.637
62.4024	591.564
43.8792	672.859
83.606	593.087
79.6912	589.74
185.254	119.119
68.4881	612.611
84.1728	565.258
95.0015	603.746
50.9633	37.4142
3.41523	228.244
35.4063	217.982
61.0922	578.143
5.26572	631.782
1.48719	673.339
105.109	532.142
72.4605	633.495
16.054	615.87
62.6639	206.709
63.3235	625.253
32.1631	646.704
106.802	570.416
177.525	491.783
306.946	383.685
316.112	330.399
93.0688	594.34
36.344	329.128
130.558	501.038
65.2123	681.464
0.940426	89.3648
28.9157	304.863
26.1155	719.311
93.7007	557.788
21.693	638.792
106.787	536.553
14.0357	277.267
188.557	324.388
11.6465	364.518
267.202	385.352
236.525	214.282
162.743	509.223
124.23	570.484
55.4588	572.284
5.24871	665.002
50.922	644.73
44.3955	643.571
44.1906	633.897
68.7359	106.592
49.9532	615.099
15.6506	630.067
24.3664	73.741
140.126	50.5215
32.0511	640.59
90.3336	382.135
14.2593	651.729
11.5589	4.52207
45.3994	619.114
179.334	461.959
62.803	143.965
152.679	542.863
4.15021	634.152
97.218	547.412
202.711	494.247
320.439	367.796
35.9406	638.297
6.27124	659.314
54.4687	643.149
5.33006	680.295
54.1099	696.885
64.8032	576.384
47.0764	632.468
117.67	20.9198
4.62975	657.392
12.3208	654.872
38.3019	6.27933
31.8502	644.921
71.9403	366.635
22.6076	404.601
34.1464	73.004
5.37667	685.89
64.2194	12.9655
26.1674	659.292
316.656	350.216
15.555	647.107
273.851	364.484
2.93428	675.544
142.32	363.9
45.2899	151.731
44.6854	605.448
33.1518	597.388
132.654	562.886
0.417215	655.275
49.5381	625.329
45.4766	432.106
96.9914	395.907
189.944	478.324
76.9756	604.229
13.9557	608.508
39.2463	657.159
60.3086	5.69287
249.853	484.787
34.7062	630.831
73.3293	235.37
143.561	490.691
5.72296	418.343
67.6778	641.831
23.7468	25.1504
42.6259	612.394
42.0964	632.231
28.8252	615.54
29.1392	617.775
124.736	478.735
44.3507	595.073
67.3286	539.911
19.18	615.868
65.8543	51.5544
138.039	533.806
6.33869	634.957
47.583	621.436
3.89826	642.792
38.2754	647.185
252.813	403.168
18.2022	625.092
22.5319	8.55203
60.2924	626.445
15.309	681.792
244.741	256.55
74.7978	595.991
188.049	2.15205
36.1429	241.209
10.6167	645.456
6.83998	76.0266
0.711129	628.28
52.7464	664.302
32.8193	610.481
147.49	513.912
40.87	596.319
257.405	484.402
39.4397	35.1714
20.5382	613.034
67.0661	613.155
4.33442	350.89
25.2756	641.766
63.4319	583.374
7.10627	657.648
46.9031	96.3915
190.421	483.249
38.9604	615.121
90.9474	33.2455
56.4854	621.801
35.6952	678.536
64.103	579.487
247.52	406.424
124.037	598.669
34.5486	583.203
160.406	500.348
73.546	587.776
73.0058	581.292
307.474	421.609
68.1733	173.658
63.6237	619.237
246.35	414.926
237.175	417.351
14.9086	651.502
148.049	564.897
140.783	203.499
127.52	16.9874
198.874	488.707
91.2822	5.2604
12.9039	634.198
181.45	447.669
139.284	523.138
32.1967	321.757
18.8177	689.83
136.909	466.115
42.5146	595.888
80.2936	598.385
39.2408	216.929
74.704	621.8
3.51547	673.043
188.72	9.02354
23.163	645.189
10.4117	670.283
97.0457	597.217
209.9	456.289
11.0229	599.094
14.4697	671.644
25.1417	636.85
33.2219	254.453
83.8847	186.169
6.75323	628.936
3.69945	625.638
52.4039	593.031
36.9804	653.048
201.622	484.179
28.9481	623.391
41.7685	394.738
111.864	529.427
170.331	450.121
25.7198	626.513
173.982	471.778
10.5412	658.136
75.0928	363.575
25.6442	606.1
30.1194	658.613
71.2776	593.461
234.792	426.609
20.1778	410.575
17.4132	630.619
5.48307	154.799
114.95	552.471
165.49	523.04
179.122	495.831
119.623	558.514
67.0819	577.773
16.1985	70.2843
31.2818	452.743
25.5443	679.033
214.71	445.786
16.6028	595.46
81.5639	571.113
13.8836	636.187
112.303	562.5
75.1467	547.453
37.5667	637.574
28.2365	640.574
63.9631	238.452
173.917	528.585
59.0526	274.128
35.2191	618.92
34.0687	94.7352
46.5098	612.557
40.0716	643.874
31.1209	623.551
101.378	581.758
202.494	435.87
97.4156	558.231
181.204	470.492
84.3733	618.694
6.95767	184.784
171.306	501.589
30.2717	605.223
62.9253	606.559
116.1	516.848
178.92	462.33
75.2218	587.995
38.7816	624.58
173.776	482.976
5.77502	614.374
23.6899	642.072
24.8555	631.963
45.9756	264.97
59.451	579.759
154.986	531.393
317.175	317.457
74.4558	384.55
61.326	650.113
75.7368	278.826
65.0687	535.342
60.0608	226.447
181.716	485.917
80.3931	557.459
26.0961	611.769
48.0123	52.6955
171.485	526.601
120.89	508.883
21.2313	661.678
36.0511	650.64
87.3836	547.584
22.3802	624.242
38.3056	619.463
87.9675	60.7187
24.7491	18.3795
92.9673	589.383
189.101	476.584
47.1774	589.903
43.7345	345.827
131.747	527.789
87.3738	561.962
73.6618	92.4007
12.3222	23.8397
11.2418	646.025
12.6933	335.967
15.7102	677.563
311.876	351.531
280.618	435.292
21.382	600.512
90.3903	595.244
146.588	589.228
9.62043	469.007
49.8539	625.827
39.2332	608.027
16.5537	614.792
88.3559	562.905
17.0783	644.489
21.4871	585.128
18.7523	646.437
44.7979	618.252
26.7535	621.473
41.2946	622.537
33.615	186.15
57.1623	608.402
2.25124	644.368
48.9032	443.669
30.8474	646.197
71.9062	599.179
0.65958	646.224
248.938	170.223
197.176	457.097
16.4513	682.615
157.84	517.131
109.737	575.806
86.8915	286.751
193.123	496.19
19.9185	644.952
25.7069	639.023
44.5858	637.357
89.2775	585.658
20.5879	637.403
78.5075	553.351
18.7071	598.942
205.883	456.281
30.8357	661.259
33.9503	246.833
44.2229	669.289
35.3256	619.281
124.464	266.994
3.18815	24.8354
7.26946	649.2
10.3373	606.992
25.2671	85.0744
8.52337	612.814
184.905	519.946
39.6202	647.487
101.667	584.439
42.8572	610.602
216.838	468.018
193.839	469.194
54.5613	570.341
48.0001	618.704
174.663	470.059
180.075	469.189
281.679	376.665
87.5517	612.236
26.1186	40.1571
6.88386	637.045
11.6893	665.997
7.61016	631.188
37.1952	470.359
33.5372	60.4026
58.4435	557.545
52.8654	4.52145
92.7893	7.24839
72.7339	633.94
29.8858	489.555
26.5575	662.975
135.239	614.572
88.3384	592.735
37.1587	664.535
203.225	466.043
15.1622	644.604
67.2069	607.427
31.6593	121.191
34.9639	415.773
148.714	550.242
67.2738	422.322
236.769	260.465
165.694	482.492
276.725	342.218
131.261	34.6649
140.152	84.9421
18.9999	446.025
11.1649	191.35
86.39	575.344
24.3131	639.006
7.85773	659.382
29.1275	653.167
16.0077	614.002
92.4254	576.94
163.111	450.121
73.2276	582.478
108.841	603.36
26.6038	626.412
112.961	341.831
150.43	58.2473
53.6301	376.068
21.1286	436.697
79.3688	598.912
165.287	515.793
91.9366	552.266
175.115	434.206
52.123	150.659
124.196	552.638
48.5693	184.742
0.371027	679.344
298.705	114.406
6.66841	634.888
46.5284	427.21
125.902	571.84
1.49168	186.819
145.01	181.05
131.699	518.861
16.3645	402.019
29.6153	690.104
171.336	460.513
176.661	484.763
133.284	542.771
44.4834	629.934
6.31841	626.452
56.4359	683.422
67.3642	627.915
31.3857	648.474
19.2989	657.068
207.343	461.801
61.0393	579.423
115.665	583.133
187.762	483.912
75.9688	616.066
55.3911	40.847
12.2162	639.128
103.849	571.889
19.9761	637.657
23.565	638.515
47.7295	384.84
55.0538	584.411
271.583	423
11.2475	156.372
5.28823	613.629
164.177	512.078
8.24143	683.514
306.988	364.732
27.574	637.539
33.1754	639.592
41.6676	597.186
126.537	86.4156
223.161	411.956
39.3254	32.8001
138.892	487.505
81.8735	422.495
19.6914	298.754
313.875	387.241
40.3183	644.124
310.855	351.841
48.1532	631.565
78.0166	147.384
184.315	483.858
83.0917	233.669
60.3723	569.132
277.081	384.258
5.09905	683.995
4.23023	654.72
207.244	510.894
58.7087	638.142
42.2425	613.39
263.448	418.094
16.8968	639.448
5.09232	152.456
189.631	477.217
57.107	633.34
66.1192	591.431
75.0138	569.875
46.251	598.418
31.8873	648.165
115.319	573.227
43.185	620.87
123.279	216.555
147.342	530.677
23.7222	95.3072
206.499	421.285
44.9723	635.115
31.8009	625.434
61.2171	168.446
27.7378	629.669
138.567	565.093
87.2604	29.6501
20.0824	637.009
17.8079	686.953
42.2434	192.319
18.822	651.77
6.24202	677.178
61.9476	614.298
21.6346	310.663
25.8992	633.699
169.91	508.971
124.005	568.411
52.1727	667.369
99.5329	321.941
120.637	118.075
212.724	478.888
83.9907	166.243
148.753	226.538
62.9653	495.933
21.4294	492.597
82.6894	165.58
137.657	0.845455
15.5579	646.263
59.8073	296.945
89.29	577.634
134.29	174.607
43.208	689.564
31.2659	630.668
17.2984	656.356
272.487	445.512
50.409	147.652
182.081	491.69
8.37552	694.983
29.988	11.666
13.1488	631.003
7.63875	639.268
87.5247	576.829
18.3133	705.053
66.6153	37.3919
3.03458	646.743
7.589	137.882
44.6785	646.202
1.32492	100.535
0.410858	2.4875
10.4093	161.985
33.1288	631.329
31.926	656.032
14.9122	623.014
20.7873	123.041
120.512	494.908
49.0336	112.682
139.244	511.841
14.0777	459.967
66.0605	588.829
154.13	473.872
12.5832	643.271
50.6346	610.905
115.943	522.285
15.7949	636.579
53.2519	626.62
38.3841	625.583
18.9978	691.002
188.761	455.896
159.855	3.35572
130.675	547.009
20.2784	625.46
259.244	391.197
112.034	560.63
14.7753	634.662
157.115	485.194
128.472	539.495
199.983	431.571
159.964	477.734
35.5339	636.025
122.911	540.065
24.0927	640.581
374.682	305.747
30.4691	640.636
218.069	451.244
83.7496	629.804
48.884	602.636
105.636	566.206
186.804	459.074
48.2317	596.484
44.4989	638.779
64.2028	107.244
83.6081	582.685
2.13702	606.51
4.67325	635.094
41.2566	653.385
24.4818	655.963
195.582	453.547
15.8668	159.895
30.6509	470.996
52.1443	675.557
83.0252	165.281
67.4418	388.059
160.375	533.642
62.6852	582.426
15.4281	653.211
53.0019	589.06
39.9244	627.64
40.7747	577.221
184.36	483.761
32.3941	643.509
20.8778	94.5986
77.2563	422.877
80.7215	447.763
66.9394	620.572
32.791	37.1495
20.2629	641.703
232.223	475.478
53.6697	400.477
11.1078	632.122
169.274	490.901
1.37861	2.09128
5.60557	297.674
58.228	601.802
15.1693	687.466
93.7949	533.776
10.4739	642.902
64.1211	611.583
17.1804	645.933
29.918	628.545
15.0927	669.02
89.609	560.815
13.4101	70.7125
81.3478	600.539
223.742	450.251
3.56395	645.649
26.8242	613.375
77.9351	191.864
62.7234	612.802
47.0766	485.357
33.7019	648.855
35.6707	610.11
11.6661	26.2529
289.964	215.534
1.90039	3.75823
255.013	379.823
6.48237	433.361
299.25	334.551
8.55906	604.651
51.5666	624.253
5.72054	669.3
74.4253	117.64
9.52434	674.556
43.5731	662.7
92.2112	593.136
56.3399	45.5452
2.33094	117.991
122.392	286.123
6.64596	107.563
32.8652	669.156
56.1422	17.2938
76.9514	639.147
25.0302	454.691
55.7728	629.547
15.2266	670.159
3.83681	618.642
43.8481	596.103
167.604	507.576
162.004	147.297
39.8249	665.122
32.7026	657.526
36.2192	626.586
95.6519	588.39
94.5611	574.756
78.0622	608.494
63.507	599.416
14.2497	324.7
103.11	618.664
179.409	499.291
38.2115	649.155
6.62461	666.763
72.6294	594.44
43.166	633.776
144.719	490.841
517.106	172.744
72.11	260.904
51.4853	656.398
83.9686	133.192
51.3293	635.692
49.3532	636.553
36.5081	615.587
14.435	583.257
36.9035	717.545
110.623	565.635
161.959	485.949
237.938	427.986
55.2197	612.902
295.409	197.667
18.1539	671.339
39.9293	233.182
178.645	451.507
38.8437	638.988
79.7699	365.604
17.4254	46.3911
72.6381	570.19
90.4269	54.8037
86.8458	588.842
3.8472	664.276
38.8509	662.599
264.923	389.347
145.613	518.191
112.074	537.035
109.422	593.956
4.67854	667.765
90.9598	572.358
20.8018	642.874
114.595	553.581
147.03	27.1204
74.1772	599.769
20.4536	571.754
83.1413	622.984
25.6371	621.638
36.9802	615.897
53.2083	594.019
134.326	518.343
26.2808	632.473
119.687	114.201
233.267	404.675
52.5207	589.532
65.448	338.884
81.6364	576.557
170.083	477.124
148.303	196.394
9.36459	681.639
85.3352	547.26
164.147	474.696
52.6915	581.757
223.712	398.83
173.402	59.7336
52.6481	390.924
46.3098	625.63
54.8086	578.922
94.7798	521.713
25.2703	596.753
168.364	522.723
25.8982	636.583
118.982	538.567
64.5734	565.871
45.2812	108.888
21.3328	701.717
39.0405	637.85
99.3194	518.519
82.8003	612.017
49.5294	47.8829
22.5457	683.928
229.548	408.511
18.6257	605.049
26.346	580.668
30.471	631.719
207.523	479.177
37.4173	240.301
8.43643	714.961
90.7538	621.125
52.6273	600.051
99.8301	600.5
118.187	547.856
205.279	435.416
63.1317	146.773
382.333	328.165
183.775	465.417
271.212	432.441
83.3755	585.907
87.6152	571.884
58.1404	579.992
194.415	434.749
37.4224	260.281
120.424	151.518
164.634	457.292
198.826	482.416
304.061	385.361
38.0341	628.538
13.3317	71.6292
57.3019	648.413
0.325295	648.497
59.8332	588.038
63.0333	617.301
50.6102	470.227
41.5736	607.829
112.85	362.719
41.7099	683.254
200.294	444.237
53.4155	592.911
2.66621	338.455
6.9233	245.139
8.17778	349.173
125.46	561.202
15.5297	624.731
1.9594	662.013
63.3952	590.403
41.2667	657.447
99.3188	96.0933
163.299	489.409
47.4457	642.32
143.96	538.442
77.3414	374.698
128.231	468.114
0.254648	674.325
7.51857	605.962
191.198	463.485
234.935	396.989
87.0609	573.556
80.1368	233.756
31.7926	620.235
192.273	455.019
12.966	643.9
186.34	479.018
10.3402	625.043
81.8984	568.041
15.5426	645.184
17.4268	569.009
56.4086	601.236
74.4786	2.84884
1.95007	160.673
7.93399	637.449
5.03378	710.175
4.56729	647.38
22.1252	651.961
19.7747	413.887
116.409	506.707
15.6699	643.752
18.2182	11.0837
21.3511	612.386
48.4069	630.23
208.042	435.462
168.155	467.556
27.4759	646.836
128.568	518.857
68.6883	584.989
223.466	463.77
32.9781	658.915
103.025	566.373
36.5585	606.975
20.4117	10.8658
32.0939	643.171
175.656	459.247
32.2527	16.3942
39.863	651.709
29.4875	574.769
127.07	534.979
33.7503	59.4143
63.2017	620.66
41.4884	26.7174
3.89887	658.977
46.5821	143.306
64.8996	586.954
148.993	254.626
35.9001	608.506
13.1744	378.437
26.2935	649.855
72.1989	586.019
7.55683	627.258
99.0266	221.614
29.4805	629.941
11.6576	459.963
188.012	508.216
57.0803	617.845
3.5877	625.172
91.3191	576.679
43.4758	459.26
30.5999	46.1293
18.2984	674.411
187.645	504.923
3.04398	690.28
9.40145	632.199
14.7682	636.326
152.181	578.205
0.849005	4.67248
8.33013	647.292
35.0828	656.324
112.774	386.716
267.737	405.562
19.2329	635.056
80.1389	593.455
119.286	539.299
87.9367	562.771
68.2931	574.065
0.869562	635.124
251.296	474.691
90.7584	577.905
125.688	551.385
190.221	482.695
40.3732	671.472
74.116	583.879
13.4812	681.18
12.2712	599.103
154.191	488.477
6.23767	665.008
212.592	450.252
56.9396	597.09
16.9088	646.67
232.529	414.977
168.986	526.289
47.391	283.754
30.4751	621.403
425.351	242.592
22.84	599.358
90.3583	96.1055
94.6411	39.433
6.65728	619.974
33.5045	258.121
198.201	457.283
33.8632	611.385
73.954	582.165
82.5884	599.923
57.7944	583.773
112.594	570.949
61.621	177.435
104.529	537.38
5.36978	212.877
36.2025	606.7
13.6049	629.342
35.7334	160.201
19.4311	631.452
282.316	409.989
162.273	454.125
47.0357	610.813
34.5245	613.677
175.74	451.187
172.244	461.028
131.343	23.25
183.867	442.994
8.17137	439.559
69.5841	585.596
79.1716	155.101
122.573	575.392
14.5116	659.561
21.3109	637.762
167.423	25.7901
28.7004	67.5945
54.5944	76.3188
211.174	459.668
3.76728	97.805
92.829	580.494
5.44528	668.144
11.3295	660.55
107.517	554.086
48.2632	612.796
117.259	54.5614
135.568	547.402
26.4173	655.201
297.352	385.894
59.1757	607.67
43.094	627.199
15.4302	615.595
8.55443	667.754
196.69	472.552
194.153	473.053
223.003	434.958
31.9956	621.312
32.1532	90.8366
19.4043	657.393
53.1815	389.874
33.3179	629.671
61.8563	575.457
88.3757	569.155
41.3532	613.345
73.3257	148.385
94.8394	583.305
41.0546	624.433
27.5031	187.183
12.054	689.112
14.1585	624.756
42.7931	420.344
28.876	644.33
26.32	618.157
118.138	560.751
159.294	540.194
9.99895	623.247
5.64086	656.285
39.0143	174.825
180.16	499.819
25.3347	581.972
4.99009	615.296
28.727	654.162
39.2052	580.16
31.8428	652.195
183.238	452.302
52.2566	579.853
96.213	1.22496
1.42377	659.84
3.52439	672.258
71.1518	610.653
70.07	554.793
191.191	478.054
24.3993	647.138
90.9895	251.024
180.218	469.785
20.9	683.397
142.293	485.475
50.7767	611.284
38.9298	680.161
20.7734	645.996
86.9541	240.569
31.636	180.644
289.778	459.9
27.0342	671.194
203.749	439.632
83.714	290.276
197.571	496.339
63.1464	616.015
146.288	509.963
38.3931	649.536
62.0837	64.7092
59.6592	359.648
193.611	481.238
257.522	200.576
61.2424	588.978
211.258	14.8745
157.09	520.233
2.60795	368.699
7.43664	671.275
22.956	631.343
22.9595	646.244
203.266	461.505
44.2839	625.22
16.1809	667.929
120.156	50.3157
37.6978	624.368
112.938	89.3485
40.5196	641.913
99.018	538.582
41.4033	600.421
33.295	638.845
95.3065	545.508
36.9249	610.523
171.046	472.924
56.8023	572.304
183.748	488.143
87.736	541.38
10.7816	375.263
2.84322	681.218
158.389	486.713
188.998	496.244
40.4542	651.074
72.6839	365.31
53.6627	615.332
48.705	92.317
53.3539	565.991
58.3116	618.411
72.3945	622.091
105.43	580.371
76.5934	594.593
23.1305	312.851
34.9879	674.113
2.83649	650.973
28.6201	674.417
48.9217	597.868
60.1904	618.223
50.2463	216.172
359.871	293.386
27.84	583.184
46.7814	658.266
177.604	527.716
202.139	471.836
74.0583	607.786
85.0959	539.787
26.3707	618.823
129.494	517.998
24.788	645.906
4.06201	622.362
32.0206	669.98
181.058	455.418
135.662	565.348
82.4882	598.177
62.2127	646.018
15.3335	622.959
25.8378	694.879
71.3916	595.872
15.6771	650.208
142.725	491.13
49.9105	108.419
98.2314	537.747
16.3126	3.15056
37.488	630.606
211.849	465.035
117.241	262.84
25.9901	631.08
140.475	539.544
288.95	77.8372
20.6549	680.244
112.826	588.78
25.7425	653.88
0.549029	438.696
55.8858	600.812
114.012	580.268
95.7623	169.232
26.4109	703.365
35.8114	639.184
91.5247	442.649
98.2448	528.793
21.5337	633.287
69.7137	593.719
107.732	518.073
89.4046	412.866
43.335	620.104
97.816	554.925
220.561	487.888
199.951	497.208
93.137	395.863
59.5982	647.27
201.691	474.923
125.044	591.889
35.4089	10.4186
44.217	615.435
5.14649	685.58
171.906	462.095
32.0132	595.889
37.2786	362.044
29.4651	400.227
17.69	644.056
60.7979	587.543
234.572	443.736
104.963	612.293
72.8163	584.381
81.8539	550.569
117.295	131.182
113.506	572.575
261.934	393.962
210.573	443.384
24.1354	628.504
183.789	468.792
25.3792	674.977
33.7646	409.304
30.6311	605.528
99.7197	584.635
15.2352	0.746901
15.2188	684.857
213.618	476.058
177.544	472.353
190.325	464.136
31.9014	668.17
73.4195	451.352
14.9419	483.801
276.137	432.662
38.4286	634.783
20.8433	607.014
20.9001	673.639
22.555	617.353
61.6119	604.288
96.37	564.285
76.4893	547.307
86.1023	598.193
69.2963	572.932
67.6043	585.685
86.5452	83.0957
111.571	493.675
284.323	40.8511
17.2466	690.842
34.6232	639.41
157.133	480.663
81.613	465.26
213.91	441.677
53.8923	23.5059
190.36	503.833
26.9239	652.532
18.5796	655.856
49.3155	293.763
58.7091	405.89
60.8989	595.989
192.942	405.536
19.0263	651.065
25.5196	625.824
179.846	465.747
25.5678	605.797
44.3139	659.935
21.7592	41.5594
46.9961	625.025
257.414	434.573
56.1845	643.181
13.5817	639.512
35.6731	640.011
273.012	399.277
221.996	478.864
76.7017	607.483
43.0351	661.896
75.5645	598.163
68.7271	579.179
23.7686	642.167
68.4469	590.797
182.048	503.877
17.9614	655.114
8.71004	621.859
196.163	464.786
20.8207	661.142
78.2165	559.296
138.472	479.335
25.7188	644.454
88.9872	611.551
192.981	440.849
98.6398	544.978
40.054	632.202
23.5791	6.29323
51.554	625.94
20.219	654.002
372.188	266.563
14.7716	664.35
45.5283	27.686
103.572	565.896
75.587	570.011
126.157	502.402
10.023	637.323
18.5208	637.096
4.79083	679.331
87.0787	145.053
115.705	217.94
17.4536	632.93
148.086	509.844
70.0199	566.941
114.581	543.601
39.7451	639.255
51.989	649.177
19.4557	429.207
13.0805	649.258
21.5098	642.718
29.5234	6.49756
94.181	239.043
1.84689	613.204
189.056	501.934
10.4703	665.551
47.7992	447.335
37.5101	612.387
176.354	465.701
35.1655	12.6115
14.2409	634.868
21.8163	629.052
187.365	482.789
42.3886	54.5392
7.11244	677.637
38.8888	635.099
157.577	2.53863
18.834	633.868
73.8409	577.334
75.8203	323.636
39.8496	627.801
15.595	216.179
20.8307	640.553
29.1856	458.942
30.6314	667.528
41.6309	614.248
4.38591	25.2989
86.8173	365.658
39.98	619.929
86.1685	197.995
132.535	540.546
163.181	453.453
194.391	502.333
49.5441	648.63
34.936	107.952
56.6211	361.761
112.025	515.473
111.374	547.315
77.2913	604.334
43.5395	633.929
31.9651	640.441
39.4549	605.152
14.0875	427.839
15.7504	671.386
49.3118	643.929
19.1466	87.3812
64.4001	621.975
61.2815	569.336
2.9652	659.605
4.31624	616.309
106.289	545.317
57.67	620.87
26.6143	242.418
53.247	646.921
68.4465	1.11822
25.1628	652.704
210.459	489.045
149.781	133.451
5.22018	646.675
92.502	584.297
195.419	455.946
184.285	438.617
58.2411	590.072
51.296	594.59
9.15507	630.362
47.0933	360.443
140.324	522.332
181.693	514.385
78.0031	1.9908
25.8496	684.177
184.48	475.882
49.418	616.691
52.4405	629.052
109.047	622.437
189.234	476.098
53.8907	593.564
55.8068	649.659
50.7659	645.026
81.3948	625.287
75.97	7.29805
37.6087	630.635
34.6803	434.891
40.7262	5.07219
31.7762	625.836
91.1813	151.56
256.29	434.336
91.0635	293.197
36.8523	640.243
50.1581	615.862
83.9323	593.698
21.9638	142.943
40.2062	606.068
7.18587	20.7715
125.01	544.358
53.0983	637.299
59.4431	603.871
158.063	499.482
18.1972	601.507
49.2939	609.945
19.1882	665.908
109.11	561.518
27.5164	640.271
214.546	18.89
235.086	459.247
69.4698	612.3
28.8132	655.982
61.214	526.013
46.0141	615.277
44.9729	609.784
114.776	575.893
43.0535	647.914
12.782	657.806
20.0341	660.117
43.5842	618.016
47.6017	647.52
53.4256	25.438
98.1134	559.747
93.0466	226.356
5.34902	598.638
28.2069	586.858
8.08582	701.499
3.19241	631.784
44.9833	639.179
18.4158	646.506
83.8162	577.774
18.5608	649.84
23.3049	661.414
30.4432	132.498
52.2927	599.011
33.1528	298.479
201.979	12.2106
15.4115	272.408
142.576	532.336
31.1507	644.904
31.7795	151.099
50.4058	625.545
100.469	20.7918
132.405	550.873
7.65936	585.989
5.83198	35.0839
72.6086	599.343
4.52333	19.8131
53.8678	634.566
45.066	572.545
13.3461	671.941
111.467	546.939
146.85	475.053
99.3392	540.095
143.397	485.302
129.609	559.833
156.891	461.008
86.9175	577.926
247.724	182.144
39.9567	103.831
100.491	555.793
50.9514	616.431
36.4883	619.964
49.0048	355.753
13.9819	619.544
136.5	535.221
28.4183	648.329
91.508	394.526
211.041	458.418
211.596	449.099
19.6549	613.422
26.8592	634.478
18.5886	650.401
187.286	500.647
130.199	140.054
183.985	254.521
31.2548	658.393
49.2184	280.62
14.0862	2.84163
49.0024	257.196
4.2263	44.4972
73.8624	552.068
44.5453	622.163
13.6496	683.162
14.4061	68.113
19.3442	632.694
202.615	479.209
87.0476	579.023
143.461	502.686
86.5739	604.987
26.5053	649.943
15.1136	642.565
49.7278	629.327
194.052	466.795
210.964	531.336
7.00406	656.322
207.252	473.577
29.2216	641.69
18.6559	618.962
4.44883	249.864
12.0682	660.747
11.581	308.18
169.966	460.392
25.9928	267.072
82.2052	616.152
68.0108	591.545
22.9847	610.002
45.9702	612.524
11.6332	626.837
3.27693	65.3692
305.499	375.934
16.5488	101.913
8.79346	607.632
42.2498	593.356
186.319	458.643
199.616	441.85
11.9239	664.634
56.7549	319.561
17.0071	598.814
28.3257	652.375
0.304064	676.553
52.7778	582.327
162.946	216.672
167.977	512.819
133.539	319.467
44.8519	582.514
155.175	492.747
29.049	623.796
121.426	559.537
27.6851	610.337
45.4213	584.243
4.6227	618.947
60.2037	604.737
35.5009	9.35338
22.7894	4.14566
15.7289	659.999
42.0554	556.219
25.5012	636.867
47.2626	249.484
52.8963	448.249
55.8796	649.215
110.398	596.495
8.18289	240.488
92.9041	601.452
96.4159	498.142
362.53	126.729
55.5604	629.717
22.1264	644.341
233.079	426.784
7.925	454.138
127.905	538.114
75.3512	564.718
167.075	534.706
11.8293	645.372
131.252	148.927
162.848	511.692
34.5002	603.668
84.694	579.925
35.6332	594.175
9.90249	643.924
230.071	164.743
11.872	66.8448
94.355	55.6435
50.3885	626.241
31.4034	608.678
53.7017	135.316
230.152	464.93
186.32	452.459
38.1648	24.4954
47.4803	614.617
29.3817	351.932
101.702	577.463
8.05165	632.545
94.1601	560.11
47.6462	590.524
27.0855	678.401
1.3374	692.906
28.6963	650.889
38.4045	624.496
75.6658	284.818
11.4485	647.185
65.9662	603.158
37.7573	677.811
75.7866	595.045
113.414	28.1524
7.59141	676.969
32.5603	148.054
91.5693	593.389
71.7242	618.549
53.4606	631.047
15.1528	661.792
71.131	27.1099
45.1106	596.715
88.393	594.837
154.754	512.906
174.696	455.692
208.956	306.273
100.695	531.471
35.7723	89.0137
80.9426	584.906
31.2547	637.494
0.757618	610.308
129.124	6.0186
29.0181	637.697
114.948	564.544
200.165	433.365
107.453	536.057
108.08	588.998
64.2155	610.814
45.896	427.867
318.488	375.65
25.9266	294.403
31.0362	636.969
42.7427	626.804
66.3416	634.451
77.7252	597.21
39.2636	646.59
41.4168	658.747
19.1413	679.383
9.54673	535.313
19.5754	345.805
45.1516	628.18
30.1977	143.686
125.514	544.561
95.7981	591.784
173.785	479.614
71.5583	315.179
21.634	653.358
49.7112	149.062
176.221	480.239
182.454	512.75
5.37518	646.763
205.125	504.609
145.635	530.766
23.7535	624.348
187.002	455.492
44.7654	56.0685
68.7496	590.477
24.7952	626.648
42.0162	614.727
7.08791	670.504
26.113	611.368
148.889	581.82
68.9472	573.603
12.1246	102.051
377.58	299.277
40.0622	683.866
82.2924	603.825
73.5511	600.251
63.9325	594.496
15.9368	645.584
242.498	466.079
19.1042	23.374
53.3106	364.739
16.5115	441.403
20.7359	634.38
11.6896	633.187
45.3715	89.388
4.94851	645.519
10.5115	169.803
16.7927	660.331
127.589	479.596
10.0897	615.119
0.882005	375.506
9.58827	659.203
104.531	537.461
30.606	686.52
92.6729	548.304
48.1642	138.841
62.2916	98.9694
12.3418	659.535
19.1972	712.272
69.67	245.984
105.463	164.207
76.6896	648.536
37.2844	606.343
117.81	533.489
43.2772	637.217
317.49	396.646
83.8061	595.235
55.713	209.592
31.5657	630.214
186.843	447.409
240.758	430.368
230.42	406.483
50.2367	602.763
5.39058	612.382
30.6327	612.459
13.4614	20.5176
162.082	498.416
39.1364	648.554
18.0726	356.223
27.424	678.762
20.6118	644.152
27.6377	632.907
171.276	467.174
229.061	487.551
230.713	415.103
201.724	475.43
316.908	374.363
52.7378	627.622
51.0627	649.385
68.8367	405.367
16.3338	658.15
410.865	259.394
24.8066	427.673
29.4358	656.453
4.20935	694.235
25.5255	619.935
84.9976	320.477
40.8797	640.165
7.84402	645.117
19.7436	660.3
61.1442	615.444
30.2499	22.3517
155.966	501.683
22.5341	635.629
34.407	655.029
18.005	651.169
57.903	634.059
156.242	534.559
60.2834	585.084
28.8308	30.0322
21.184	611.813
233.654	451.881
26.208	673.476
8.43845	649.311
32.1245	619.333
188.161	91.6674
5.79626	636.394
51.7195	648.984
102.923	579.144
32.2707	634.889
122.885	522.419
68.8349	531.88
32.3697	628.292
35.9621	623.088
5.86028	657.457
288.051	370.946
181.475	477.14
44.0124	668.416
174.51	463.002
80.2989	574.453
51.4982	617.848
2.94037	652.043
82.9934	151.845
56.0552	620.74
185.98	501.124
34.1195	652.974
83.8792	545.892
16.6551	682.843
8.87794	342.05
53.2006	637.748
53.6045	397.899
7.71617	639.496
169.412	485.994
173.054	495.853
90.3649	586.444
333.811	311.946
44.0071	354.474
151.307	482.744
15.1154	663.854
92.3082	18.8884
91.888	56.1445
183.268	470.304
39.1681	77.0476
56.7463	610.877
105.548	567.35
49.119	630.173
411.792	270.586
66.3101	164.685
43.6303	619.832
77.2009	609.705
70.0957	617.957
58.5815	415.161
170.446	504.838
204.722	476.403
57.3317	629.182
169.682	441.778
280.475	402.352
4.9698	641.733
184.212	457.22
129.713	602.254
27.34	660.848
63.9362	626.303
20.4054	643.575
36.3362	26.6451
13.1823	634.51
96.6859	519.2
21.148	593.15
8.26904	620.646
109.288	621.011
63.1861	563.701
62.2308	519.371
134.555	524.585
2.38665	641.128
29.8221	282.298
12.2709	668.743
108.211	611.907
6.34421	683.052
187.043	485.222
309.794	341.922
34.1756	54.2862
263.293	419.721
4.18758	680.485
264.81	122.174
12.4697	645.306
106.84	579.736
41.8299	620.573
61.4093	605.426
189.631	517.274
23.7357	642.73
23.1945	660.398
174.701	494.586
35.8599	58.8387
248.948	398.526
128.238	514.114
44.2421	587.796
194.759	469.869
179.719	464.837
70.3807	621.116
20.5671	660.678
378.719	296.223
316.22	313.259
48.4454	649.835
48.7875	400.132
13.9649	658.046
73.623	135.9
28.7252	656.6
203.038	446.205
5.97824	673.937
49.5784	613.272
77.9214	585.096
0.372995	14.7966
34.0232	483.961
99.3558	504.526
44.2022	606.348
394.953	227.583
71.0774	619.228
262.171	361.69
31.9247	606.669
37.7785	610.6
32.1373	418.677
182.683	437.046
10.9559	253.603
26.6926	430.169
164.843	507.755
68.0796	602.35
39.0415	586.061
18.8319	454.438
70.7992	276.267
3.59737	633.945
35.8409	609.679
88.6645	91.9058
80.5087	570.601
82.2973	572.807
203.515	502.388
104.395	567.079
242.026	488.677
64.0031	508.473
175.776	498.692
244.244	396.259
204.393	481.609
307.834	77.8776
10.7694	630.652
81.2131	83.639
29.7468	631.894
26.8524	631.836
2.65097	676.679
1.53463	634.295
183.989	491.78
45.3776	42.7925
15.5836	117.476
5.32178	42.8672
30.8996	191.706
95.1855	518.935
336.202	331.761
176.941	251.645
27.8372	643.366
29.6689	58.7325
74.3579	611.329
60.7599	550.826
67.8933	617.984
117.307	518.502
4.00662	636.577
6.54183	7.95357
151.003	502.163
7.1095	618.941
62.9815	592.514
31.0427	1.67296
141.372	507.117
47.9272	59.898
80.0293	624.66
32.8687	482.016
51.0881	579.186
6.6141	638.002
38.504	619.605
18.5613	620.568
90.5295	568.535
24.7476	251.339
93.3015	573.749
63.1091	589.24
55.4123	135.906
53.4703	583.6
99.6261	1.42205
217.905	479.603
143.964	521.11
24.0884	665.664
40.7202	655.575
18.6585	640.241
91.019	577.712
11.7061	2.59283
131.376	530.785
44.4164	54.0556
48.3883	580.056
174.271	460.569
56.9909	679.2
7.80889	199.546
206.07	447.2
81.8782	242.219
193.915	465.912
67.1042	603.504
22.0672	634.298
191.241	507.262
12.7241	635.335
25.7367	701.944
83.7187	396.604
21.9624	628.989
62.1831	605.141
21.1282	614.52
36.7946	669.727
38.7046	585.171
22.5397	595.132
183.544	474.755
30.0676	636.297
149.962	480.143
421.237	208.259
3.56756	695.968
0.258111	361.943
33.5247	623.01
79.4918	23.0722
22.3838	655.454
36.2088	597.323
16.9375	29.8775
63.0334	606.168
5.93163	621.722
56.5917	649.615
38.5065	624.714
144.413	439.223
56.1916	578.378
111.3	526.122
17.8006	171.811
199.239	465.645
43.2647	652.597
18.3205	642.939
36.6229	658.513
32.604	324.825
5.49079	166.008
53.3753	629.311
21.6942	582.603
12.7698	651.298
87.0152	637.072
26.8501	651.517
24.9434	584.756
166.828	501.265
0.510496	32.7939
6.9011	70.162
173.107	475.101
86.3975	604.441
17.5833	672.917
56.6526	606.461
9.28703	622.285
17.7748	613.912
42.9695	677.937
55.2273	625.285
81.6114	612.348
89.126	579.454
94.4128	394.481
12.8763	651.195
1.62639	631.45
29.1805	656.801
70.7812	609.034
19.3678	660.735
55.6112	647.906
18.8927	676.918
238.51	433.306
40.8115	641.542
44.8232	7.22696
154.289	248.107
197.944	472.248
99.1159	560.968
15.8214	607.791
77.4236	611.929
56.6489	611.96
89.9152	586.057
5.82337	671.577
107.391	556.599
19.5221	645.12
46.4201	567.321
116.131	567.732
30.633	642.107
7.46649	675.145
44.8901	586.56
78.1361	188.752
107.993	13.3642
26.843	348.122
6.1436	422.288
164.536	521.425
121.873	534.496
196.162	435.22
63.2125	625.671
43.1897	138.333
105.308	596.96
32.4489	689.382
176.901	472.241
127.848	519.802
51.9578	590.073
61.3418	630.537
13.3004	645.72
1.17404	613.535
65.1275	573.241
109.955	527.337
131.031	569.838
257.588	454.011
102.435	564.977
96.2924	549.792
38.8185	277.486
67.6628	600.593
95.5871	211.663
93.8365	590.905
89.1402	596.661
75.7099	603.654
14.3276	8.6758
25.6227	619.594
94.2588	615.974
35.7087	620.115
70.0266	632.316
35.0639	659.824
28.0508	664.848
138.187	525.136
7.16934	620.554
9.84495	637.645
110.88	557.237
176.581	464.934
44.3636	681.315
140.456	505.345
194.884	444.995
102.523	81.6839
2.05856	615.595
324.257	311.765
64.1169	4.85914
39.1549	558.777
71.7209	579.304
2.71417	655.954
16.3841	440.089
84.64	264.561
12.3262	633.111
7.41422	352.085
75.5027	583.666
35.1945	630.724
23.0081	645.194
86.4165	567.6
20.5231	662.948
140.474	493.277
4.10045	3.96196
160.203	508.822
5.76483	25.8974
55.2338	642.94
162.565	492.749
164.39	470.17
17.2353	611.211
150.44	493.082
78.3673	598.348
64.0646	24.5694
53.2546	600.135
213.249	421.454
40.779	610.551
302.077	380.091
28.7105	664.624
52.053	615.257
196.063	474.118
40.333	600.543
27.5445	641.963
110.676	544.883
46.3906	123.801
66.3032	570.021
159.803	491.315
20.6446	663.568
62.8356	612.75
31.021	621.537
55.2457	186.517
8.88598	711.7
31.9107	627.491
15.118	52.8664
17.9237	606.641
18.7785	644.104
186.85	507.889
56.1657	195.059
169.891	483.076
62.5343	630.398
27.6121	683.194
190.301	476.481
74.195	621.288
43.887	650.217
205.169	460.094
98.5339	248.107
9.77664	645.238
10.1724	636.286
140.223	525.042
132.565	543.171
183.517	470.574
9.42766	668.134
54.2421	565.327
180.127	481.876
99.3978	527.232
109.738	561.738
20.29	26.0759
182.157	482.387
19.7377	599.202
139.323	535.823
25.1162	644.611
152.899	502.486
250.478	420.325
50.935	594.725
198.324	467.129
60.1876	594.798
214.937	420.653
106.693	4.22534
83.9324	623.763
196.2	471.2
106.253	584.481
76.6153	4.63774
71.5902	570.657
2.56873	443.127
101.431	538.126
33.2707	582.696
68.9943	591.585
14.7185	623.927
71.4046	585.847
19.966	239.135
82.8797	593.127
35.3494	397.071
105.879	539.197
43.6908	616.197
85.7162	591.966
68.4188	558.57
36.8014	659.108
15.0117	461.996
0.143873	733.377
101.099	581.823
17.2114	26.521
17.5153	656.052
64.7442	620.313
64.1501	596.101
164.908	521.722
26.5	655.233
187.561	527.915
13.2355	666.279
53.9641	652.742
62.9156	315.132
264.555	483.519
142.575	521.732
193.345	475.946
185.224	507.752
10.973	630.992
33.7037	637.203
9.90026	453.496
186.945	482.983
248.372	420.754
179.399	475.644
24.4891	634.768
67.4587	608.986
225.25	24.2412
52.6103	593.434
61.0042	620.082
433.441	215.381
37.5605	636.973
41.9066	619.099
19.0796	589.797
30.6168	340.559
39.7796	629.244
336.017	330.237
35.8367	629.098
250.972	344.652
94.0009	412.968
76.9455	386.509
45.7913	603.861
13.575	257.98
45.6275	607.077
66.9854	5.37452
22.8355	622.87
240.271	424.627
31.7468	650.597
42.374	619.422
3.4595	646.057
6.36931	236.039
93.2204	549.897
209.901	446.878
20.3301	680.982
188.713	499.504
11.0897	249.238
122.374	544.878
4.03197	656.96
193.577	481.854
187.487	458.97
84.4999	6.6483
15.1337	646.266
85.1997	179.327
28.2063	606.366
203.199	478.069
84.0447	568.487
166.832	229.664
67.9977	578.702
9.01664	652.059
15.2741	603.845
8.05083	653.508
64.4944	608.306
311.861	213.036
92.8556	568.213
4.83983	623.651
190.503	509.142
28.4461	597.796
70.9362	385.965
51.9202	594.01
16.9419	672.614
59.4903	621.309
117.431	557.861
181.275	478.965
48.5631	600.372
43.641	460.35
11.4503	628.98
32.0701	285.177
251.433	395.241
61.3114	628.154
31.8853	663.964
332.682	301.603
81.4801	582.866
70.167	559.652
30.2903	2.6724
2.94997	654.501
132.312	533.289
102.601	21.6106
72.9669	566.308
60.0885	676.013
52.2379	21.1198
55.5157	646.752
1.45598	74.3307
23.6403	657.311
85.5476	573.057
43.1601	652.818
49.2211	619.094
81.1155	587.209
0.048934	417.298
61.8668	21.5841
33.965	405.32
0.806257	150.554
58.3917	638.176
8.20903	88.0691
32.7511	632.505
206.976	493.085
5.32056	621.029
10.7376	0.243742
25.4512	606.984
99.3614	89.5774
35.5834	251.033
24.5641	145.267
44.3873	557.303
139.972	509.954
125.933	539.899
1.47024	660.669
213.982	410.476
34.521	294.945
44.4168	31.288
10.1837	654.925
173.258	473.004
91.2725	549.077
45.9332	658.349
13.3019	630.696
42.8081	579.432
35.2549	74.7924
183.488	477.523
24.9016	605.339
14.4734	603.777
89.6783	551.619
208.401	497.303
23.8516	646.853
28.5619	629.652
87.4608	575.141
71.6154	67.5509
106.031	574.165
67.9481	601.716
112.38	222.32
55.1959	603.161
133.666	523.344
185.372	465.689
19.4318	325.04
62.3573	614.523
56.8267	628.597
87.4271	584.903
261.288	399.147
75.3762	585.264
69.5432	638.997
194.799	477.384
190.959	464.592
7.5771	529.813
34.1044	593.904
5.81514	673.994
3.58419	489.574
39.9566	598.606
81.4499	102.778
57.49	660.414
28.0938	608.005
199.965	497.593
131.96	566.979
31.147	604.777
143.437	542.771
76.4178	589.626
3.16898	326.931
45.0003	644.305
1.85323	666.848
22.7736	471.983
14.2136	618.358
175.097	361.583
189.063	500.126
100.874	570.5
47.2701	229.09
26.5618	676
58.0894	619.962
25.6592	175.359
39.9057	642.28
18.6727	651.623
20.0644	444.813
95.847	525.069
27.9067	96.8163
134.702	506.862
70.2699	36.5419
20.2975	246.404
58.6555	617.147
75.0825	575.668
10.1373	651.192
28.6482	281.096
182.127	459.525
25.1619	688.851
45.1181	603.783
45.8678	627.84
28.4405	645.203
105.599	548.48
18.0596	648.479
34.0013	162.989
274.872	422.377
58.6232	617.995
28.234	628.219
31.7192	579.066
11.4534	659.717
12.4725	263.057
51.2678	617.847
39.2558	582.64
34.9384	620.257
201.12	479.421
168.671	536.701
83.045	559.197
113.785	352.115
62.8532	590.127
57.045	604.395
146.852	535.587
170.277	91.5258
186.152	515.245
23.8021	217.647
88.0009	575.816
23.7887	634.273
78.7963	589.945
13.3481	653.629
124.768	553.155
48.7983	391.141
149.854	551.422
11.8947	328.773
8.82808	645.854
63.3472	682.437
27.5866	646.422
52.6073	592.361
46.5543	579.353
75.657	596.468
14.3776	677.502
10.83	96.6249
18.1773	87.512
44.4137	602.26
145.28	543.388
56.5918	621.875
19.9517	446.91
198.346	488.668
256.028	422.244
58.6843	603.395
80.8739	555.036
45.9199	623.407
61.2703	592.146
12.298	652.588
93.5072	547.224
369.741	286.969
47.1649	637.305
37.7314	661.733
159.637	585.21
176.917	528.614
54.7675	227.266
25.0722	636.785
11.5062	668.478
246.154	363.123
23.3014	630.512
46.7084	683.483
24.0119	635.275
10.8313	629.809
39.2913	144.478
216.338	447.436
156.834	508.086
124.274	558.485
274.046	422.259
67.5212	619.907
85.2278	586.566
188.652	494.889
15.2802	170.053
34.7986	616.59
163.38	508.292
128.236	510.988
126.145	307.088
128.95	554.827
286.725	362.506
34.8709	613.35
20.1538	641.365
8.57146	684.858
95.9016	570.731
173.062	463.808
33.2074	654.715
24.3322	160.109
0.776907	640.817
35.8847	178.592
34.4664	592.758
121.24	9.93419
6.61611	602.221
33.7207	265.254
64.5578	605.461
270.133	420.158
91.5849	543.642
135.791	563.302
24.9135	661.913
38.1575	637.103
207.893	446.585
23.0098	699.153
10.5798	12.584
123.266	296.37
33.987	656.933
32.3388	605.282
125.18	524.35
179.34	463.668
125.245	590.428
25.0189	602.617
17.448	639.605
58.1391	24.0871
50.6493	619.515
102.102	87.0264
29.5497	649.568
177.084	483.145
42.7098	571.972
37.0846	654.946
20.0593	624.633
73.6854	424.35
13.8208	350.572
64.6025	542.641
65.2525	553.324
105.414	573.305
141.205	545.021
72.7547	635.671
23.396	623.147
41.9801	119.879
44.4897	628.724
42.0807	654.711
85.3775	531.945
51.6686	643.907
34.2175	671.194
8.92749	609.86
220.647	446.266
6.81333	283.417
247.818	397.583
20.1304	29.2817
28.5603	626.528
34.1193	627.64
33.8331	619.426
79.852	387.176
409.122	284.661
93.1639	266.682
22.4611	644.094
124.427	1.47641
23.6172	623.662
72.3108	599.309
47.0722	41.8441
64.899	634.425
11.7314	640.007
61.556	584.272
127.157	507.871
46.6464	598.851
212.088	433.57
36.0978	608.024
11.1114	607.158
17.5061	641.333
10.0917	6.73567
196.027	74.9339
16.2011	272.907
146.795	513.43
188.284	474.899
50.8502	611.36
113.363	44.7161
10.9989	188.749
128.144	536.589
178.643	462.912
30.4473	674.452
9.27284	170.404
13.2705	650.253
48.6955	564.496
30.406	588.973
50.7961	610.409
143.189	523.919
15.1145	185.687
6.08442	647.359
195.989	512.231
46.3464	639.152
85.0583	565.036
174.702	465.878
14.1531	653.649
157.935	453.178
157.523	505.277
58.1151	606.277
24.3396	635.79
139.67	550.554
25.54	644.867
3.3853	619.477
93.8927	393.928
85.1895	596.37
193.26	475.613
20.0307	664.33
24.2495	685.316
135.17	486.794
0.327506	625.15
97.9988	564.829
135.466	524.807
52.0367	611.735
71.9069	588.678
170.919	481.604
265.2	402.116
82.6414	212.356
115.044	541.122
303.877	404.809
144.622	512.16
44.0059	20.1338
91.4789	571.713
25.1542	607.651
3.7629	672.431
42.6461	16.3821
137.426	533.476
183.035	487.86
359.617	277.616
23.4616	618.156
43.5668	546.106
92.815	555.231
25.5965	676.28
41.1277	683.395
60.7426	595.822
89.4433	600.83
179.554	495.247
23.1184	639.874
85.0738	383.118
3.01491	648.725
174.844	515.498
68.0804	602.568
183.301	517.773
176.631	482.503
111.657	46.9415
196.222	523.556
22.7706	641.722
45.4375	575.016
207.899	13.0547
178.821	474.494
9.16585	355.798
80.5961	574.763
247.655	408.326
68.3524	59.5846
34.4931	439.997
59.2012	186.03
62.2511	590.145
15.7982	677.782
18.4873	657.752
116.15	593.253
124.405	533.981
194.031	519.792
136.366	366.784
12.8735	662.575
60.8286	67.7096
40.9042	627.272
23.0271	659.909
44.2078	262.085
188.141	456.523
129.858	21.6621
67.76	633.371
43.9435	581.813
137.935	556.291
77.0655	572.903
9.46042	691.151
69.6946	568.226
31.5583	653.125
82.5496	560.682
44.4382	687.833
13.5519	634.873
3.55736	636.629
8.7657	651.302
48.9631	605.071
262.458	418.169
73.0198	100.722
122.832	349.024
43.9079	621.186
14.0417	620.514
10.92	1.8047
44.0158	101.86
14.5256	645.751
16.9971	690.427
170.689	478.512
16.2336	650.503
146.311	520.686
48.8198	618.832
63.1347	650.289
72.7916	596.476
20.2001	1.59705
11.6969	603.688
30.7379	652.641
92.5581	31.9653
26.261	635.044
5.53345	642.325
82.5515	573.316
8.63836	645.814
13.3171	660.985
52.0616	631.997
54.6564	598.049
101.233	558.141
33.0435	603.404
49.2477	656.618
26.6336	16.1763
101.915	600.248
43.5582	642.771
21.4088	48.5512
17.3122	104.533
23.0855	580.921
188.585	76.7387
34.8122	289.964
34.1474	450.672
14.9128	587.442
50.4924	32.3018
174.295	536.414
30.0571	233.46
198.584	498.001
124.082	513.871
22.9159	677.802
188.284	452.934
63.1323	4.72371
16.1569	681.267
52.3515	621.118
142.788	559.446
180.666	464.973
47.8643	308.596
44.953	653.525
93.6728	203.046
34.5389	615.78
142.267	493.44
72.5177	631.212
270.397	403.039
183.259	479.106
132.008	541.706
66.2601	649.996
7.39936	23.3424
66.8647	413.699
0.975269	630.117
329.331	356.664
171.738	534.821
108.175	137.377
136.514	521.233
4.12093	643.522
51.3914	4.88224
14.5033	614.78
32.4977	196.707
201.735	485.235
299.866	385.753
208.68	53.3629
37.8728	629.413
7.65961	632.115
9.60561	648.658
76.2045	144.526
43.0093	580.691
39.8929	62.8551
35.7094	645.604
8.2233	637.224
31.9324	665.173
47.8583	584.859
204.663	486.793
17.9042	639.031
210.1	435.905
208.834	464.877
75.8008	544.614
101.115	339.656
2.35026	640.834
18.204	603.459
154.878	515.958
107.553	568.211
77.1155	187.109
26.416	672.921
178.311	518.333
93.2378	94.9186
190.604	451.601
9.51606	666.882
58.7556	576.808
44.7312	637.561
4.23668	231.419
38.7463	221.315
133.417	550.453
149.647	570.393
245.423	424.72
61.3646	261.489
58.4502	590.429
24.7227	625.497
84.8776	588.908
225.491	405.188
192.573	489.299
186.248	468.916
146.824	532.147
54.7775	587.214
45.3767	686.72
36.7337	630.917
63.7039	610.098
24.2257	659.399
3.2301	666.062
71.6413	46.312
51.1876	571.837
13.9493	658.536
28.2481	657.528
35.3795	642.909
51.2725	614.47
56.3328	622.333
143.907	327.161
77.0576	596.134
141.059	516.614
5.29891	653.211
17.1254	605.897
88.1471	547.672
153.311	509.8
42.9971	3.2265
5.41629	692.539
25.4575	653.756
64.3593	643.999
231.081	177.446
21.0801	638.587
35.2688	629.549
54.7063	592.278
93.744	572.367
9.99937	663.795
132.934	515.502
25.256	292.102
13.2335	677.98
90.0804	559.476
28.1863	659.967
78.2092	59.6022
7.09905	191.08
66.737	622.917
16.301	658.945
46.4508	647.085
225.569	431.065
193.416	469.969
91.3104	568.663
145.362	53.9832
61.8033	254.602
128.031	490.575
82.6226	564.953
45.8256	608.903
191.38	463.518
194.903	494.078
91.6262	630.251
72.752	537.056
4.12109	620.085
36.9127	635.704
62.2495	595.27
176.801	492.583
129.355	545.314
72.7832	535.528
273.836	449.812
53.8912	628.299
57.6904	629.599
81.0711	613.036
34.0088	626.912
14.4637	697.86
25.4464	672.217
188.97	465.667
17.8103	1.76381
56.578	602.593
130.303	513.726
254.913	412.967
81.3143	137.302
76.363	589.479
69.728	611.471
33.0139	657.98
15.9193	37.8076
62.1729	619.33
267.241	404.284
147.338	550.543
4.95613	657.169
23.2398	428.162
48.5124	574.738
20.0804	663.718
53.3911	599.445
42.3436	646.897
25.9932	95.2054
98.0691	132.869
6.09077	68.5374
158.859	464.689
204.287	452.607
50.3511	629.319
53.2111	579.977
4.7152	664.864
23.4738	641.018
16.6365	662.85
9.75541	231.21
71.5259	628.864
198.704	454.197
46.7407	17.6843
125.909	276.846
19.439	669.669
60.9655	634.289
192.242	15.5426
40.3875	680.061
31.6616	618.954
36.8676	325.138
55.646	614.492
17.8492	9.19875
57.2837	576.219
30.661	383.991
77.5664	580.704
60.3267	576.525
85.1611	592.824
27.0202	77.7529
119.46	163.145
193.225	480.577
354.621	283.875
9.13581	650.735
123.792	28.5417
165.761	476.366
24.7318	672.458
1.94374	673.594
196.65	491.444
22.4388	152.356
85.8727	594.961
16.3478	625.546
107.323	544.837
172.983	459.883
206.724	475.85
50.2493	600.681
93.1766	66.3289
55.7976	625.555
2.12375	64.0041
20.5374	621.299
39.3363	704.063
5.06727	647.448
185.152	486.969
20.676	629.032
23.5791	441.658
12.7811	266.884
87.3428	558.046
46.8792	629.815
91.8853	561.21
186.548	460.606
195.894	523.482
28.7105	590.56
121.753	572.607
53.4785	641.875
73.1434	599.188
55.8221	280.674
44.6049	286.822
157.177	523.406
106.739	573.78
56.3782	12.46
10.6961	12.4301
226.593	430.046
192.074	519.978
95.2118	582.884
28.4304	659.903
433.013	285.518
212.112	465.953
95.9721	582.567
7.15679	241.53
12.119	352.375
77.6815	601.984
68.1195	601.112
19.3637	665.115
278.027	52.2346
93.5595	575.041
8.01946	646.414
105.582	567.699
61.4907	41.9039
95.1046	337.31
33.2759	666.815
25.0597	630.742
7.73363	1.14236
33.7967	653.432
151.8	529.228
200.909	250.41
4.29408	672.376
27.6805	84.0288
20.8265	644.725
155.564	479.259
34.5154	666.031
186.903	457.212
24.4582	640.063
120.907	562.593
357.815	314.642
39.5095	598.82
20.7049	618.771
54.4447	576.393
232.156	443.021
3.43001	626.968
39.5168	618.373
50.2299	616.691
73.717	197.656
116.903	533.327
205.746	493.29
132.058	601.939
20.7799	637.436
4.01229	670.776
5.0476	13.9957
103.388	610.29
1.47688	503.691
206.898	448.138
52.8001	664.42
65.5256	86.3087
46.0292	576.418
204.152	492.46
87.7777	403.022
16.5874	633.343
14.8697	238.245
22.8573	144.724
9.48288	6.04658
51.7443	181.309
10.1923	246.949
31.1363	593.577
43.3081	656.016
230.954	408.448
102.375	584.194
54.4394	41.953
195.638	449.045
52.6741	365.416
5.95006	602.613
129.841	565.292
12.6924	615.707
188.111	467.863
1.01183	671.867
68.6419	605.229
21.6815	604.543
73.7906	418.728
110.993	563.36
27.7918	596.045
77.8174	604.596
117.755	595.512
14.2993	639.527
33.9513	634.658
149.732	590.414
46.1534	141.354
173.722	453.527
11.903	685.292
48.0266	605.708
223.752	103.517
71.8501	664.788
3.57275	677.202
284.751	439.589
30.352	667.27
196.213	468.263
27.374	609.058
18.9666	656.465
185.439	466.73
58.959	626.802
34.8926	628.357
33.4904	635.21
150.565	516.524
28.4609	630.791
9.64496	58.6737
35.4869	654.628
20.4648	622.868
71.8301	400.915
56.7088	625.9
65.4937	606.171
26.4153	156.591
16.1986	608.665
54.9521	598.236
19.4965	657.541
185.697	480.904
267.214	367.466
82.169	562.667
47.5984	645.709
74.609	572.74
34.568	650.582
32.9371	245.825
55.3117	69.3824
68.0121	599.897
88.4879	579.25
64.28	616.588
369.121	268.963
49.0375	649.575
215.102	3.72797
37.5658	622.691
18.6387	632.663
41.5182	633.915
264.436	6.82076
19.9543	619.563
138.41	561.016
124.684	253.688
27.4815	636.513
83.782	596.643
91.1071	602.511
16.0521	630.888
21.1288	394.274
79.4356	575.971
56.1879	585.265
24.7212	668.811
22.3444	676.578
159.511	507.932
0.0397373	698.013
165.47	466.828
110.032	545.155
40.3596	580.996
284.085	361.196
210.209	482.389
2.53654	624.209
80.1671	379.619
12.8953	655.233
2.487	671.113
57.6984	592.97
28.6111	645.775
29.6378	12.235
31.7639	712.413
114.194	573.836
14.6434	438.456
49.2402	584.831
52.7149	593.497
188.665	448.262
57.1722	596.627
94.0218	57.4439
46.5949	209.893
244.956	6.84422
33.1182	616.563
60.8333	595.933
96.4018	591.803
19.6986	237.339
4.4274	345.845
4.43499	375.041
51.7775	254.382
66.279	30.603
367.392	328.79
56.4429	609.504
30.1586	633.93
8.31652	13.4749
15.2358	677.862
204.721	488.598
116.991	4.81167
87.8768	195.992
10.2447	700.506
61.2776	129.768
11.7824	641.66
46.2153	629.883
54.2266	83.2995
22.2328	264.854
102.397	563.236
242.907	339.733
180.706	454.445
8.42236	319.301
72.6015	554.832
31.8474	96.5619
164.267	449.814
161.345	493.083
66.0704	590.069
31.418	93.5569
52.0497	644.657
72.6836	383.731
41.9264	609.082
75.3239	595.557
15.0546	694.636
50.0497	610.464
187.897	443.661
29.2935	685.358
140.66	81.3105
180.628	459.362
215.445	471.634
45.7943	10.2525
121.028	559.296
51.1105	46.1374
23.0422	667.156
343.091	336.26
244.75	403.646
39.2454	382.808
23.294	630.29
44.5511	608.47
298.706	324.535
154.989	597.891
3.67246	627.52
49.7131	634.2
464.763	233.151
162.216	379.225
23.3144	211.578
31.4663	127.39
1.65577	15.5039
7.56158	705.821
12.092	630.313
19.9271	622.069
136.017	531.231
10.3523	613.186
192.88	458.813
61.2524	598.667
18.9694	618.854
6.79854	631.121
289.475	332.802
10.4746	582.14
200.084	505.031
141.533	504.009
3.45598	638.961
55.976	611.401
