621.37
66.6622
629.658
489.909
111.149
6.80157
168.901
656.584
721.809
675.072
664.765
667.122
652.011
335.895
661.738
614.071
653.758
666.9
628.296
182.549
727.804
669.631
273.379
662.502
649.537
664.368
643.467
641.029
640.463
647.634
640.712
65.43
670.151
643.087
645.622
203.099
626.764
10.9308
461.922
656.579
54.0071
651.493
141.408
652.172
88.0441
676.229
682.304
661.275
651.083
4.22712
680.391
687.906
673.803
651.365
219.021
662.631
700.366
626.052
689.823
683.032
42.9711
674.82
666.55
251.972
660.601
641.818
216.496
418.388
680.92
714.459
628.126
674.844
670.345
110.463
660.263
681.456
113.626
653.904
240.932
195.614
146.193
680.683
5.17562
709.813
117.771
693.432
19.341
350.135
436.162
704.633
307.657
12.8345
672.358
604.741
609.674
656.316
636.683
665.931
661.605
683.099
695.785
37.3576
633.727
679.708
158.587
704.495
319.07
642.932
647.766
651.011
676.275
652.828
670.1
640.443
647.561
657.62
671.056
660.589
646.31
649.154
469.537
626.631
659.405
245.721
646.581
231.899
10.7207
639.974
673.143
676.946
110.816
182.211
681.82
685.182
676.53
699.504
621.957
681.76
671.845
20.1223
682.111
655.63
633.067
43.5616
670.125
651.59
670.368
602.849
671.892
151.574
167.217
656.011
84.3686
697.478
660.16
106.453
671.208
676.814
464.902
243.433
664.961
284.637
635.071
662.271
649.03
664.72
644.552
61.4704
709.523
675.563
626.714
648.982
627.383
14.2473
679.082
235.749
643.168
652.488
647.57
184.858
672.781
698.89
658.598
638.11
61.2294
669.623
654.121
671.619
630.237
2.07804
708.273
689.039
5.4237
643.375
287.523
104.998
662.929
669.5
459.877
688.509
647.439
29.9132
666.611
734.661
83.8394
43.8288
676.029
86.9283
670.698
640.78
643.308
390.906
706.513
647.767
230.103
669.406
296.235
641
662.922
650.873
672.03
666.786
8.75848
2.29833
678.185
640.817
682.903
685.661
661.624
687.763
161.253
694.973
664.074
656.808
668.142
5.00247
166.056
60.1642
647.102
642.498
155.417
667.798
683.212
358.874
652.454
717.07
668.728
691.633
667.885
242.122
10.0602
646.685
483.971
696.812
665.223
641.872
658.058
688.974
392.034
625.852
681.2
485.49
652.849
659.427
1.29189
663.201
662.796
130.111
702.209
681.701
674.719
114.057
671.566
670.199
14.9032
711.595
648.772
62.632
682.415
655.111
663.185
657.542
651.351
649.015
401.701
488.505
659.146
664.25
684.514
676.421
476.097
733.785
358.051
107.461
320.64
657.723
663.256
107.128
118.437
686.411
665.029
665.923
672.352
377.145
712.026
1.89765
653.388
668.123
166.422
693.637
227.282
455.262
667.353
656.855
280.698
613.796
661.138
466.387
679.489
650.446
32.762
632.206
633.014
225.378
670.559
621.295
3.09812
689.901
659.415
655.789
657.277
651.978
689.243
644.776
680.759
649.349
400.713
677.698
625.7
660.008
684.392
19.7939
700.631
485.691
3.8856
696.628
629.419
647.849
659.363
154.612
716.427
626.133
401.743
659.283
633.355
680.59
649.238
659.772
54.5769
174.082
712.205
642.131
641.903
672.957
669.15
662.294
660.283
641.389
319.156
673.526
626.555
4.07844
100.783
683.599
687.552
692.089
649.013
663.254
644.029
218.198
692.187
476.789
669.03
658.568
152.319
0.285126
645.316
628.771
663.16
656.961
667.738
652.235
89.6174
690.139
671.891
20.644
672.105
126.237
664.322
77.0896
625.123
10.6805
694.979
700.679
476.006
709.018
675.541
671.118
606.461
640.91
2.77269
26.3792
649.011
646.599
683.825
611.677
696.849
443.01
431.893
684.084
685.768
496.78
598.26
296.058
665.03
96.4966
387.317
151.587
634.845
656.962
228.964
12.7375
674.202
680.371
663.653
651.088
634.84
655.553
637.904
13.2
630.511
680.821
109.485
634.426
623.118
652.391
654.646
290.911
669.838
3.27762
682.253
149.727
453.331
635.36
645.957
15.4208
50.942
673.32
421.556
636.132
196.239
679.568
664.135
664.634
720.283
672.139
673.956
644.391
676.727
14.8003
692.722
685.741
15.565
673.138
658.884
167.668
61.2025
639.21
472.889
721.544
473.66
12.3505
669.089
643.052
694.133
646.568
129.685
659.509
14.5959
235.313
677.99
673.149
692.746
641.063
76.9555
675.891
122.212
674.065
640.339
658.11
652.195
679.273
262.523
447.559
230.76
658.664
383.352
660.956
141.865
673.24
80.0721
45.8857
232.808
18.6067
634.126
9.91559
651.418
0.391236
698.043
115.328
687.337
648.211
629.498
652.875
637.305
662.324
690.764
667.333
3.74816
700.159
71.5397
433.937
689.725
106.801
686.649
629.802
641.395
677.922
262.044
645.153
700.478
694.333
692.018
668.285
681.89
655.201
8.66114
641.46
40.5285
636.43
129.117
666.278
684.982
266.827
677.517
610.867
657.014
87.3579
709.413
688.74
695.465
657.071
50.3299
673.163
657.682
656.465
647.023
85.8595
532.477
203.688
372.87
628.956
568.537
657.9
675.051
647.039
667.097
637.923
654.387
309.255
650.52
679.972
658.449
685.359
642.268
610.882
264.608
666.527
695.786
686.358
638.956
642.321
658.56
691.936
279.294
671.256
686.757
273.013
673.126
62.4274
681.257
604.425
31.9484
704.475
205.254
35.5151
638.672
36.4812
714.176
335.944
643.982
703.656
669.005
659.439
11.5882
341.382
663.013
639.228
644.444
642.627
671.382
681.586
395.489
661.335
54.3198
374.32
700.615
71.5408
660.586
705.942
639.642
651.749
447.6
664.32
37.117
428.131
669.229
674.149
651.793
1.91666
615.298
110.232
657.82
656.894
625.757
637.079
690.337
27.8113
199.983
4.94928
635.751
298.151
30.034
57.5476
335.267
44.7593
402.116
671.518
1.11065
640.641
621.27
9.72316
640.452
690.427
642.742
664.566
126.027
653.611
307.879
6.03911
606.414
658.519
61.2175
674.482
33.4209
19.6503
657.674
688.986
322.506
715.846
638.355
697.648
98.6802
294.013
678.075
275.675
678.978
672.615
224.076
284.115
685.374
703.098
69.5144
426.057
1.01953
706.687
642.735
27.6841
652.548
213.697
668.747
652.133
640.394
411.805
679.282
613.32
81.0065
683.164
695.994
488.894
655.752
88.3095
664.385
60.3236
690.164
660.505
9.8699
165.506
88.5159
52.2685
646.258
675.568
718.988
699.386
644.138
112.076
14.6377
706.636
654.403
644
108.228
705.077
672.064
2.36009
675.471
659.732
680.212
701.55
668.293
200.657
40.575
682.969
667.886
647.898
78.5013
308.157
665.704
672.917
476.91
149.383
678.538
628.519
369.118
650.642
665.074
663.696
694.045
652.701
223.43
502.812
287.483
699.041
645.173
388.886
652.136
647.009
637.209
696.493
685.899
700.699
694.256
673.441
113.794
656.849
657.34
168.38
719.615
627.091
661.84
697.996
157.469
677.481
690.164
87.2804
624.281
643.863
481.764
35.2674
661.423
654.688
13.0321
704.584
103.178
154.6
664.261
652.524
635.658
428.823
668.09
653.494
651.263
654.564
354.873
483.708
646.079
639.389
706.777
41.8098
664.86
170.07
14.8322
104.834
655.993
690.109
650.493
658.165
17.1647
26.9323
81.4839
658.03
687.113
141.704
33.4406
454.446
9.89326
665.528
259.834
696.371
694.494
639.766
658.196
691.242
662.046
424.8
286.632
706.298
636.777
454.774
650.744
33.8148
632.802
656.071
663.639
715.568
467.047
644.027
698.956
655.076
75.1202
17.57
676.119
714.723
187.55
4.0195
639.029
689.446
688.904
32.2025
437.409
671.99
657.2
639.749
665.754
234.484
2.62916
23.6197
127.504
701.263
114.657
97.1868
654.894
652.708
639.479
646.377
668.036
657.011
640.624
674.713
634.875
689.217
199.529
686.342
425.654
690.576
453.405
647.198
674.243
63.4605
195.618
624.482
675.348
408.607
713.187
689.512
688.862
258.074
414.966
686.814
640.985
274.14
18.8137
111.452
636.277
668.878
679.033
683.62
672.659
312.584
64.1908
697.634
176.485
633.599
691.171
667.917
673.431
698.167
666.198
675.788
652.415
621.519
661.096
396.892
709.241
633.641
651.411
706.702
666.076
648.574
648.789
642.744
38.5108
88.4636
631.594
644.508
232.498
643.709
306.875
729.831
672.419
700.147
683.976
668.699
664.106
689.746
96.7497
141.437
648.372
693.043
315.04
687.866
669.202
646.509
689.231
633.369
197.98
678.163
18.8141
626.387
689.471
654.641
198.977
342.192
458.269
630.042
648.525
62.0767
673.799
383.362
629.723
623.993
15.401
651.265
125.735
689.894
24.524
647.089
181.937
662.868
692.737
661.573
634.524
665.856
26.6656
671.211
695.196
628.805
12.1845
694.042
19.3803
241.166
694.396
637.776
657.582
668.95
656.807
689.821
447.805
697.735
642.018
685.937
677.777
462.884
638.512
396.437
672.251
669.451
666.244
696.808
705.943
684.085
666.104
459.142
159
648.854
461.678
1.66115
683.642
653.96
69.1939
631.087
437.952
681.985
673.28
688.676
626.437
698.793
687.849
625.775
672.958
26.3661
235.988
723.307
647.697
346.562
670.683
149.217
457.142
664.432
64.9264
608.805
675.332
678.067
639.233
690.233
699.453
478.094
3.13576
663.215
674.914
666.356
677.286
692.858
454.568
703.994
744.172
13.6372
23.0982
668.531
0.726784
9.51887
692.855
680.997
660.822
14.1229
435.712
228.281
488.551
656.449
667.475
659.259
643.65
359.605
100.432
446.094
661.963
648.859
489.098
654.13
634.469
8.14339
197.623
648.355
238.787
53.8505
645.33
658.1
201.712
680.503
313.037
673.202
506.469
0.107976
677.549
670.041
671.352
650.18
670.433
717.683
66.3778
62.5362
622.591
450.182
19.1699
686.734
674.116
675.326
693.098
629.594
126.85
444.696
192.008
671.946
692.913
657.52
208.084
668.539
662.101
478.513
672.074
483.36
653.504
497.028
648.558
5.91567
655.926
645.679
651.031
648.666
656.481
87.9227
113.551
48.5653
707.679
619.617
270.279
685.466
679.677
643.249
58.1663
349.687
636.687
629.777
667.131
623.384
651.251
56.3528
381.975
269.882
645.722
454.519
141.129
649.154
663.859
640.912
689.181
639.147
657.873
52.6795
685.158
98.8126
22.2039
678.502
664.888
700.905
59.4637
698.834
632.309
652.23
712.122
665.674
245.612
95.1491
679.581
660.243
634.957
686.675
632.084
21.5633
668.719
16.7584
682.814
122.13
679.594
671.597
672.881
4.57865
679.736
59.0786
643.238
662.717
26.147
135.818
9.81747
681.328
637.879
457.411
637.006
436.503
450.509
636.971
25.286
2.85951
654.95
357.751
262.314
649.951
612.831
666.478
667.559
673.464
684.181
396.34
707.538
712.521
63.141
633.611
2.78076
663.302
669.175
634.3
642.884
670.454
319.197
683.699
226.022
13.7898
672.692
418.365
639.801
658.121
154.493
27.6765
647.329
631.36
657.12
684.153
652.83
642.719
643.032
103.241
30.4791
663.112
657.566
678.294
368.276
693.89
675.335
86.022
672.291
637.914
191.78
632.922
166.779
31.2557
675.524
624.678
657.114
658.005
645.427
664.168
671.4
74.3602
700.229
667.586
673.332
633.638
648.619
2.8698
377.019
622.112
640.791
704.224
64.9897
654.769
138.928
3.52336
640.261
668.566
665.503
28.4728
27.0083
0.63066
658.492
700.333
25.5085
658.422
641.16
79.7649
326.831
658.661
680.544
667.483
680.291
126.233
425.645
661.371
668.649
653.598
652.234
655.94
278.182
641.852
62.0636
44.3849
679.984
647.452
684.854
654.308
666.476
635.899
67.2979
648.956
651.845
636.234
647.043
668.912
54.0468
685.318
133.72
105.949
642.869
657.548
697.035
641.684
657.312
632.971
676.413
694.03
684.468
206.371
647.867
250.523
631.288
647.196
686.029
652.393
19.2833
13.0073
363.469
54.0666
644.607
642.093
653.762
191.322
629.818
654.915
237.728
74.6414
668.089
658.286
664.215
76.9632
193.063
661.923
651.474
646.778
660.107
694.363
646.987
635.441
676.198
646.114
14.1366
141.754
652.424
654.681
640.198
632.031
650.221
662.018
244.761
713.702
648.305
678.334
52.242
420.757
643.217
260.471
645.081
681.333
688.304
175.576
688.717
474.796
704.259
20.7455
488.045
648.474
652.726
62.3199
51.1301
633.372
146.556
668.193
439.457
674.406
658.44
431.451
678.394
679.056
679.495
73.9924
701.819
651.179
669.541
178.889
619.261
673.257
637.514
644.58
666.021
694.255
5.98737
155.379
667.415
268.486
654.218
9.3625
676.715
628.433
655.6
720.583
651.346
668.509
282.641
726.286
636.403
738.097
659.416
663.765
400.632
658.535
675.222
662.025
92.7365
700.494
680.247
632.472
645.882
661.923
645.778
598.248
659.575
697.093
671.734
27.6504
685.605
685.261
649.666
688.23
12.4694
11.7927
644.015
11.409
681.068
638.362
624.98
692.386
677.49
19.2882
682.187
651.04
620.064
689.366
390.079
704.082
635.281
691.546
663.25
666.439
46.2227
651.609
212.726
5.46402
641.069
185.464
658.286
255.539
128.034
671.912
610.739
656.738
661.176
154.961
86.9223
275.446
184.02
656.677
684.645
14.5935
669.816
666.357
654.95
341.618
652.467
22.2439
661.862
670.655
691.761
452.843
669.914
457.131
460.493
678.079
173.791
737.794
91.7575
474.763
635.872
147.772
636.582
657.472
172.04
146.582
602.469
636.532
681.832
244.612
661.495
674.619
684.296
58.9081
166.158
215.954
688.421
612.665
111.928
146.974
481.987
681.037
688.484
627.065
5.01347
648.954
678.449
651.204
697.469
62.8423
638.151
688.854
395.03
717.237
686.673
10.8744
610.588
651.088
386.623
655.524
692.75
668.343
286.335
669.667
704.901
683.087
56.2363
694.449
18.0784
11.9921
704.618
464.997
685.105
638.835
147.702
663.438
696.533
628.063
676.574
649.386
167.588
132.185
493.594
380.514
198.348
679.653
722.155
691.456
185.519
643.947
638.666
445.171
677.923
631.2
653.173
653.092
673.466
669.571
705.823
682.676
682.196
596.289
665.264
96.2587
656.897
690.68
652.524
24.3155
593.608
155.654
655.678
639.173
333.117
656.106
648.097
138.032
26.0919
654.804
24.8092
647.432
238.526
682.376
71.4819
91.9274
668.616
200.839
61.0324
674.521
628.63
647.732
700.759
701.905
245.067
325.566
647.458
654.348
694.544
26.9871
644.539
694.122
644.168
128.255
613.428
688.414
657.454
671.068
491.354
634.845
669.045
61.4332
669.79
640.847
635.026
648.216
688.535
152.248
672.585
625.415
1.36112
33.1621
42.7718
663.866
694.572
709.35
672.847
416.499
672.942
678.471
683.229
650.774
658.426
658.23
402.644
109.782
456.193
138.85
27.2669
675.727
301.141
673.963
663.878
684.829
648.857
657.476
0.788844
459.626
160.156
503.604
686.123
26.9497
643.886
689.385
686.887
41.9299
677.332
666.047
644.46
650.626
662.739
1.00314
649.606
646.429
484.526
704.666
639.474
36.1168
425.816
691.321
637.657
678.508
661.54
10.517
637.449
651.43
633.836
648.824
155.592
625.751
675.128
6.80609
642.283
699.894
671.721
644.159
654.565
664.812
660.363
17.9592
107.019
584.013
680.867
456.146
641.356
5.13963
649.116
7.0375
641.219
211.109
644.48
8.72981
443.863
669.961
386.991
658.955
706.722
712.004
623.629
627.276
650.374
6.92495
8.66856
65.8508
643.118
622.921
35.6611
290.552
686.944
680.248
52.5306
631.791
633.862
646.265
677.739
660.217
260.709
69.483
653.094
503.184
214.068
696.433
657.295
662.471
622.995
198.97
674.882
662.722
671.696
477.415
620.56
673.927
622.256
622.668
659.381
95.1419
661.602
1.94848
657.694
655.905
719.431
646.756
669.619
6.27822
667.482
706.613
650.748
678.186
152.218
667.011
671.323
191.342
649.796
733.705
674.221
665.434
664.221
695.924
663.419
703.91
618.189
663.744
686.943
696.278
634.733
643.264
641.559
30.3555
664.908
679.666
66.1166
670.224
672.953
641.496
692.693
695.008
668.533
11.3489
675.066
652.616
477.76
674.744
2.64628
35.5894
663.64
5.20527
666.186
98.4429
704.593
666.046
680.984
118.348
640.688
451.14
620.174
26.3131
649.542
704.502
663.932
662.238
669.243
744.48
639.72
662.835
673.715
635.642
47.8332
654.69
261.765
675.253
684.106
690.916
660.136
685.367
641.626
256.458
697.676
691.879
685.403
698.656
665.381
121.979
665.927
644.222
701.601
666.347
675.346
68.2487
694.545
37.0849
35.5043
662.978
654.783
24.1076
694.793
698.868
30.3705
686.972
680.192
664.766
700.579
677.945
677.373
669.77
661.619
483.413
713.959
631.668
663.135
671.538
718.124
681.919
296.157
95.3103
662.038
647.253
24.8509
655.216
62.3988
664.856
663.48
653.443
688.762
690.666
216.325
669.523
445.539
688.462
663
31.18
8.3203
676.124
635.349
696.073
654.544
53.3861
663.972
620.448
93.1325
453.578
611.651
497.8
145.505
686.236
693.312
629.419
652.515
203.273
635.929
599.468
50.985
129.036
610.325
639.942
98.9995
666.182
701.127
670.344
635.373
168.683
162.563
309.15
645.412
22.455
723.602
390.815
639.77
664.009
665.501
321.98
675.938
691.052
624.949
691.449
20.162
497.291
691.566
647.623
410.315
666.551
80.3075
315.16
668.211
681.569
697.541
9.63649
645.913
631.816
636.273
674.89
672.318
672.62
648.831
638.253
470.749
201.245
667.712
667.247
657.461
659.344
709.169
8.90997
626.989
79.6594
686.157
639.43
622.001
614.324
669.787
693.733
37.5099
355.662
612.555
645.193
653.352
602.12
649.646
244.854
641.318
632.762
643.911
657.547
671.656
641.596
680.046
696.241
682.693
34.6808
683.019
7.3907
94.7646
676.977
650.309
623.249
137.016
433.761
189.11
678.524
661.523
236.491
663.788
656.922
654.868
643.418
10.188
632.466
618.601
644.609
689.585
688.036
652.884
621.226
648.484
632.327
655.102
59.5044
650.057
185.291
666.363
669.409
56.8022
429.512
672.518
315.918
669.271
437.373
620.579
706.745
643.495
639.649
423.586
626.042
662.116
204.187
642.291
673.955
654.249
683.978
24.159
644.444
692.675
643.885
634.778
720.824
156.207
684.978
634.401
81.4133
423.288
607.345
90.6322
609.113
211.201
96.2682
36.5969
664.89
687.87
692.325
670.38
608.576
11.218
661.814
77.5839
93.5823
666.228
633.376
704.813
32.3345
663.572
659.351
673.411
655.814
14.1667
242.049
336.881
2.21267
675.799
633.677
661.091
622.782
166.65
673.387
622.961
26.8023
8.80585
655.883
481.769
407.518
634.212
697.553
641.141
688.551
698.458
644.403
613.461
14.8213
662.942
665.265
66.2727
644.714
669.256
668.344
655.026
683.429
242.033
645.446
106.698
633.687
191.119
651.893
84.9088
685.852
654.626
687.814
647.338
637.799
664.055
18.6743
680.231
686.918
658.226
605.077
652.274
421.254
5.77886
2.51516
642.896
684.749
649.257
634.529
422.701
188.623
655.846
705.064
684.116
651.344
431.673
665.754
678.467
716.091
628.41
700.588
690.431
702.092
696.123
292.401
15.7755
654.075
255.013
671.111
688.391
374.371
620.112
697.735
1.9632
666.45
27.3102
751.135
83.1259
640.385
706.671
642.51
649.196
640.478
673.65
674.676
634.023
56.0799
351.103
646.961
677.952
706.627
686.616
40.8338
662.302
184.945
632.693
662.007
703.449
675.059
79.3381
649.234
223.313
106.047
643.638
693.095
636.968
689.553
677.325
143.859
697.074
671.504
653.703
82.6619
693.794
57.7431
646.531
130.007
628.728
665.318
494.456
204.351
133.641
636.541
677.226
146.518
693.611
682.619
180.045
654.158
165.826
646.682
669.595
171.024
670.004
465.198
345.18
44.2773
661.901
616.327
711.673
722.881
719.757
696.497
646.884
163.444
677.087
648.346
658.806
653.358
689.498
90.8163
104.897
651.755
682.985
69.2039
663.023
288.462
340.396
709.705
665.425
420.27
348.046
651.103
409.143
34.1701
708.053
664.849
656.785
646.822
669.261
479.842
692.628
682.65
670.204
633.887
701.332
420.821
106.923
637.63
642.344
687.345
664.383
642.037
49.2102
681.659
9.51776
646.855
22.2837
207.692
689.579
478.537
675.667
671.935
154.026
678.201
642.493
361.518
140.639
657.606
682.791
666.122
647.369
669.328
659.024
67.7073
637.384
653.566
406.503
661.829
656.751
634.62
663.212
636.06
667.697
678.949
688.759
651.179
678.802
658.343
55.7638
672.38
671.422
90.8222
34.6262
299.092
667.195
686.615
658.959
635.727
135.552
665.645
654.871
662.153
649.68
656.581
712.102
32.7219
676.332
23.5148
645.856
277.579
204.697
651.808
698.549
631.377
697.635
78.8506
656.154
6.20126
149.669
282.327
669.538
15.633
64.4378
690.411
641.465
652.779
677.349
230.271
674.703
2.66706
656.009
665.154
653.705
688.205
194.931
708.913
607.925
712.969
651.013
679.002
55.0217
71.1936
676.068
478.692
656.868
665.708
58.106
668.795
711.206
675.887
643.017
654.829
81.8072
22.6094
660.889
650.049
487.269
623.036
681.754
666.544
698.943
642.466
672.846
660.441
130.508
672.999
668.781
645.633
723.852
673.719
0.618843
2.91519
679.335
670.995
513.55
678.931
637.217
653.207
663.935
221.059
618.234
710.83
26.2607
655.574
681.028
646.493
616.436
682.587
689.966
686.073
677.48
484.63
672.261
92.1973
393.745
654.307
642.534
408.317
685.461
658.925
742.65
609.679
673.244
662.019
34.4178
327.824
463.199
203.311
629.883
661.551
670.15
672.369
645.388
672.163
649.923
44.5367
225.751
716.932
694.561
657.723
673.865
135.299
672.688
252.512
638.511
638.921
667.538
323.833
676.138
652.797
644.632
637.71
57.1944
671.7
406.075
667.737
661.824
648.317
675.806
688.377
635.769
654.502
650.288
488.302
662.488
672.176
78.814
659.613
635.495
647.994
693.95
506.343
713.556
455.617
669.925
662.447
678.286
654.347
649.533
657.147
639.205
26.4637
672.829
681.963
691.166
649.115
640.176
694.01
683.636
697.476
671.289
131.741
128.047
618.588
90.0556
672.843
5.01248
680.426
177.695
241.704
669.016
632.179
654.992
662.007
677.774
26.6555
704.336
441.569
183.777
675.534
677.095
653.693
283.423
660.21
722.296
282.233
635.723
696.726
429.377
16.1312
681.311
692.765
670.081
636.514
699.647
626.926
709.577
330.844
611.136
0.543583
244.673
675.218
698.93
644.61
430.078
617.212
661.466
3.5886
643.605
628.813
638.871
709.265
139.099
711.413
665.553
647.107
693.003
303.268
645.073
707.458
680.082
695.701
655.617
172.604
674.236
659.544
88.4165
625.629
496.804
179.567
468.198
652.967
705.831
668.887
619.283
18.302
684.514
670.089
86.5282
202.694
59.6239
671.472
29.1993
693.953
65.6903
533.037
294.255
263.163
711.425
86.6591
640.034
70.0706
666.91
679.359
4.77537
188.018
168.158
368.32
263.311
643.356
106.093
61.3654
202.058
701.288
12.7866
599.607
37.3788
461.878
99.0943
670.46
641.119
662.956
652.855
653.9
641.843
56.271
625.642
111.724
469.977
644.333
656.524
459.125
646.644
664.236
423.607
9.36443
70.5417
645.383
685.832
151.958
669.302
697.179
658.725
464.143
665.558
469.708
123.904
667.928
619.098
664.731
362.936
188.467
679.772
660.4
647.198
243.707
205.727
651.856
690.612
674.438
31.7597
698.423
186.368
657.947
624.164
36.1294
188.908
668.349
683.878
669.045
645.009
659.485
461.384
645.648
16.7886
619.795
703.592
680.983
690.494
651.712
9.33936
648.302
81.1282
218.314
670.116
628.843
647.585
712.196
0.650345
674.601
689.033
687.579
664.474
661.352
673.44
658.914
696.057
676.513
628.507
138.83
667.845
676.818
88.4571
655.384
669.878
695.517
619.862
618.364
640.179
659.639
636.996
83.2501
455.875
671.353
656.841
156.71
665.1
700.012
378.23
653.141
622.211
11.2583
653.174
144.266
705.277
640.905
666.089
669.479
39.1717
695.962
659.213
677.39
663.166
190.937
214.257
20.6653
688.246
26.4215
686.344
292.375
689.805
649.008
678.854
56.1134
675.565
135.198
680.88
656.646
86.2874
695.012
673.171
665.813
691.29
663.66
0.0551315
30.6734
694.374
659.986
673.261
674.481
684.19
659.477
677.687
631.067
647.576
306.269
674.415
661.837
631.673
646.968
659.917
467.324
653.11
640.053
5.77802
667.595
665.583
664.028
639.902
626.555
642.388
700.842
284.938
641.936
48.2843
701.52
45.4125
637.516
111.122
650.951
450.884
655.391
638.74
154.246
677.118
638.53
26.0421
626.564
647.431
640.115
721.187
656.175
676.935
677.184
674.701
35.0906
325.372
753.841
701.549
672.603
640.721
650.318
669.254
657.65
161.848
655.366
644.557
642.428
661.374
608.39
487.228
697.328
731.469
656.386
458.958
173.842
49.2495
271.506
671.143
217.784
683.584
707.004
690.774
628.656
654.507
642.259
674.345
482.966
25.634
672.617
687.015
687.318
278.915
655.368
627.214
642.021
684.968
70.9733
680.997
17.7286
94.3793
678.427
637.907
679.303
167.556
682.192
100.302
669.036
687.862
67.1657
66.4999
634.145
658.764
53.7361
107.183
618.731
683.422
705.416
652.085
264.22
666.02
676.729
190.527
615.676
25.4032
639.571
685.476
658.78
665.044
417.943
51.4948
664.652
676.138
685.715
474.877
79.5011
654.756
624.963
641.385
665.602
655.212
91.8434
192.782
681.084
104.929
643.288
235.51
637.781
652.373
655.723
648.385
663.168
721.865
394.838
630.439
117.734
279.316
657.415
673.142
643.785
595.807
669.254
425.155
11.3605
667.955
687.127
646.77
639.713
35.5092
11.1111
665.903
711.994
134.257
442.858
503.345
289.317
218.01
432.337
38.9693
28.3421
2.27908
194.494
638.087
211.169
332.136
470.288
666.655
389.936
671.218
647.715
631.878
27.7669
666.055
687.277
160.326
673.709
667.529
658.046
646.663
128.578
680.958
645.938
657.768
437.983
39.4984
686.494
224.36
15.0567
694.303
704.317
138.154
630.369
680.362
109.774
680.852
664.93
632.046
649.001
679.202
674.955
657.158
676.884
683.28
666.642
636.907
663.911
635.804
3.38232
181.274
686.164
649.991
714.721
706.089
282.974
628.15
682.745
646.196
1.26681
627.73
141.559
666.338
662.513
609.091
641.711
731.078
687.777
616.753
617.287
20.8748
633.388
669.368
656.047
13.3012
666.623
142.382
665.961
644.541
654.993
635.14
670.093
642.586
3.22126
636.376
682.097
615.939
626.6
607.215
666.9
697.577
47.3743
681.91
667.178
697.14
640.067
681.874
691.666
50.767
285.897
636.264
439.509
48.4802
680.605
301.042
459.916
156.397
664.726
642.103
370.565
1.26716
666.699
655.045
4.09289
683.912
658.165
685.421
626.858
22.2253
650.753
646.648
18.7246
94.7611
292.806
685.933
688.542
658.437
671.647
72.3783
643.706
715.914
630.584
11.9108
24.8327
643.614
685.447
686.237
12.1996
695.7
660.284
661.906
63.218
650.993
397.319
655.03
0.967839
680.571
646.528
635.437
71.3566
691.435
669.715
41.0742
721.01
246.799
655.277
334.634
651.906
663.247
641.018
227.744
665.555
655.768
97.9045
16.5657
653.186
9.20956
665.032
539.07
662.229
641.077
236.529
690.068
666.955
643.094
685.489
61.701
130.465
686.239
655.937
693.281
715.586
329.497
686.509
669.621
695.997
681.246
677.951
644.521
200.329
645.861
221.948
647.169
648.178
27.0133
37.4145
369.295
624.043
686.861
657.447
667.188
679.966
40.1347
698.693
681.758
220.684
679.611
686.877
685.173
667.302
23.9255
639.712
7.35954
712.97
93.8179
126.458
30.3036
659.773
665.385
681.791
663.978
656.748
681.211
671.641
662.055
627.393
473.801
644.229
17.1541
487.808
684.574
21.6254
46.0461
674.85
679.658
3.25618
15.5826
8.91781
679.015
628.537
398.278
32.6162
651.444
679.845
669.632
670.614
659.187
672.515
645.885
646.293
681.048
3.76116
33.1767
654.457
45.44
112.213
645.818
300.403
229.693
19.4359
674.05
645.623
657.864
672.371
668.306
158.975
452.96
655.219
661.946
6.49955
645.991
671.099
447.621
673.62
650.731
663.409
464.992
672.067
655.979
426.156
689.423
199.197
21.5035
638.697
648.381
242.274
702.902
155.574
367.824
654.232
655.371
653.685
26.459
629.54
671.041
103.297
680.325
667.82
87.8186
658.669
408.866
7.16406
31.9278
670.094
667.989
7.70452
641.212
405.804
641.532
16.3132
637.32
655.954
684.937
639.584
626.164
686.696
677.025
652.893
32.1244
7.51413
666.141
665.039
94.1203
653.214
680.254
244.745
629.857
665.019
750.834
643.952
674.936
628.235
280.766
648.986
13.4814
655.828
675.605
240.392
192.556
25.4947
634.702
631.638
212.894
658.469
15.8068
705.271
17.6391
677.471
161.925
685.71
175.595
701.636
656.06
103.231
657.315
655.702
643.722
662.379
637.402
208.603
82.6166
665.424
648.248
700.447
635.938
685.644
655.823
681.597
31.1972
647.564
48.8179
659.245
678.929
214.8
650.465
61.3258
642.568
4.68535
626.797
665.454
313.171
623.169
672.842
631.671
642.035
623.204
702.976
706.89
708.406
249.737
51.8226
621.482
708.015
671.579
44.9203
675.071
156.607
51.8137
684.03
52.242
715.786
649.955
11.4872
697.037
298.85
313.3
2.27299
460.901
184.387
462.046
639.251
671.744
676.018
658.649
688.085
294.59
678.166
10.6051
657.931
658.579
162.963
24.107
13.1713
712.085
116.528
657.657
64.3396
392.022
40.0556
682.577
528.952
15.7494
624.57
648.571
671.655
641.043
72.1622
662.703
157.31
668.219
13.8626
679.137
650.138
692.566
690.305
664.77
637.656
704.205
653.314
300.057
34.0978
123.235
624.534
314.471
54.5969
711.45
673.532
652.927
640.377
2.48535
76.1054
666.276
619.463
679.011
665.881
201.887
700.317
7.65646
655.962
70.0904
686.728
677.328
722.463
451.893
689.269
491.782
653.576
647.174
616.469
657.733
196.977
670.168
661.611
644.546
646.884
642.595
675.497
686.654
638.657
663.094
675.36
628.782
84.9778
634.479
665.736
665.203
147.326
633.117
634.968
681.368
667.889
695.8
112.456
148.762
658.966
690.183
678.196
194.896
385.54
76.3095
459.298
664.482
125.599
12.8513
638.327
631.798
660.231
670.888
22.1889
646.15
656.834
59.8165
172.077
215.096
624.031
638.575
625.333
678.246
679.718
659.307
461.268
714.874
685.047
677.534
349.534
622.755
690.735
639.293
494.755
660.93
609.37
711.462
691.061
671.394
656.416
679.805
659.525
665.454
652.032
657.546
631.653
108.336
642.341
170.055
637.159
706.444
238.552
460.423
660.642
53.4646
699.279
655.842
54.0988
670.186
659.03
715.196
650.349
693.152
367.036
642.413
55.0844
10.6338
655.91
371.239
8.08822
692.396
665.847
9.90702
678.657
632.377
658.384
662.491
664.661
673.694
9.70702
621.144
675.416
668.783
636.243
27.2921
327.009
630.891
37.3897
657.784
657.322
659.62
658.222
29.5915
674.608
638.157
632.734
653.145
723.084
653.951
10.8158
711.427
668.643
126.579
632.519
664.348
666.457
691.138
650.168
25.9465
669.314
621.899
726.846
643.996
645.288
130.199
5.55306
691.231
683.552
677.425
658.747
619.348
14.8523
675.183
652.775
638.543
671.499
444.3
694.123
671.058
381.014
251.202
183.054
231.521
142.361
635.446
20.6337
410.972
181.784
164.354
1.38019
122.397
4.36702
669.503
654.21
655.756
637.889
34.1665
671.168
673.894
673.526
677.111
709.297
268.328
634.803
687.802
677.884
700.273
30.2329
665.055
661.886
395.39
156.823
686.797
32.7927
634.721
657.813
670.963
644.459
650.938
161.386
258.13
11.9482
111.753
693.882
363.714
645.832
667.241
702.173
656.045
700.356
183.284
697.41
670.387
346.371
664.331
635.784
647.835
697.207
671.405
634.291
570.001
685.163
655.173
11.8944
652.828
682.167
608.641
670.676
647.044
266.913
200.72
133.332
633.904
165.933
223.351
682.637
165.376
626.705
653.54
664.449
10.4797
690.134
6.52126
684.372
656.223
651.601
685.321
423.513
646.984
699.114
657.108
665.701
440.623
671.532
666.765
684.357
679.202
656.263
672.404
708.34
43.372
23.8546
653.235
11.3702
625.219
19.5663
653.047
692.43
657.057
711.551
103.69
670.632
677.084
681.487
631.428
655.932
647.66
66.6776
650.3
118.067
668.414
673.444
424.082
50.7991
461.636
649.633
151.553
640.555
667.356
413.644
698.242
633.792
660.277
21.6242
670.993
16.4283
683.26
430.271
67.6554
665.912
658.538
636.726
665.775
660.804
650.301
676.141
19.3948
659.424
642.728
650.082
31.5145
624.857
103.334
665.072
676.268
655.051
686.169
491.301
21.5046
684.324
103.828
655.136
664.209
177.334
683.021
658.266
671.442
418.529
76.471
671.798
698.429
657.187
684.012
674.94
646.466
41.6716
648.178
650.685
453.721
668.186
704.191
34.3456
655.384
659.366
679.387
115.257
661.347
103.792
655.591
59.0599
277.859
661.736
689.07
649.195
88.7203
663.868
389.281
652.887
667.443
461.424
450.882
673.107
684.128
685.063
168.61
676.115
666.699
684.662
688.83
288.659
657.257
667.402
470.155
649.024
14.7446
630.712
651.449
641.656
447.701
270.972
667.675
19.4342
118.755
671.524
352.597
111.067
463.299
667.357
11.4532
681.99
234.832
678.02
37.0884
41.4946
678.292
663.274
635.726
666.486
667.724
327.772
659.089
696.481
667.796
617.65
628.748
705.903
10.833
665.587
649.853
182.611
281.525
354.399
43.7961
219.055
633.638
314.164
640.923
720.248
225.981
641.499
706.367
680.141
646.101
101.392
671.427
325.132
647.459
696.616
642.335
200.135
62.6256
675.037
678.178
679.574
683.372
7.54672
647.7
708.597
335.199
7.7889
154.798
670.133
680.492
687.485
622.687
645.899
651.434
677.114
649.906
690.714
661.081
34.5968
689.664
682.915
643.514
603.403
636.221
694.65
641.74
648.257
640.727
108.559
669.513
667.607
97.4245
28.6164
683.314
98.0921
650.81
699.955
646.783
486.791
3.73716
670.931
47.7475
33.7305
29.9555
662.659
667.91
323.96
23.1411
678.576
229.42
695.114
637.822
672.122
691.222
149.899
697.472
657.083
644.53
689.268
655.822
687.172
628.973
712.32
648.032
664.422
700.27
277.14
14.9175
654.937
616.272
634.623
662.34
52.3942
649.587
687.428
682.421
632.143
680.41
29.8246
205.311
627.347
70.7856
643.919
629.035
659.427
89.263
672.241
687.028
646.048
687.254
663.559
655.783
34.7603
662.22
0.423399
466.229
659.935
127.759
81.2826
76.632
108.145
665.91
118.468
384.369
426.12
47.5823
677.412
673.927
79.37
626.65
162.577
658.777
618.876
642.871
681.78
526.677
487.725
13.178
638.155
642.51
448.295
637.093
693.595
91.811
659.904
695.176
673.228
662.987
32.4538
102.814
666.632
620.609
130.089
649.377
662.809
649.917
293.6
46.6275
685.444
656.99
663.339
434.52
659.981
680.124
2.28583
677.585
678.21
676.012
638.649
63.7005
666.386
665.649
608.459
129.06
666.725
657.679
305.887
81.4138
609.101
9.17017
19.1595
649.133
12.9104
623.544
16.6552
410.838
626.413
657.599
685.475
148.125
672.35
701.399
639.338
638.417
700.649
618.251
1.92394
644.938
635.265
654.437
652.49
663.542
635.863
472.163
665.251
659.006
658.056
46.8856
658.661
651.142
626.518
628.168
432.085
223.032
655.393
648.876
366.063
689.474
658.3
658.86
59.0733
307.324
661.659
636.3
716.159
679.974
679.067
635.686
662.501
656.169
705.491
625.672
663.673
89.8609
160.816
664.824
674.949
654.007
7.58195
676.801
30.6989
66.362
680.7
458.414
108.219
633.239
642.346
101.956
648.597
663.021
698.023
644.796
37.1955
670.225
653.66
692.338
659.56
672.305
4.73128
138.879
680.708
642.12
697.06
621.738
660.052
660.261
649.094
693.127
648.572
689.996
640.198
663.667
55.3939
647.61
668.623
3.25655
12.2474
131.932
661.649
663.471
648.144
468.759
609.843
678.05
160.71
666.576
657.705
693.402
649.972
47.0867
476.474
659.586
685.679
667.729
14.4339
632.692
651.064
382.768
630.997
661.316
655.124
440.762
635.044
126.91
648.738
676.968
634.952
673.895
644.476
687.447
693.558
673.551
76.0675
657.038
28.1914
8.83094
709.74
625.816
683.081
54.7951
643.265
103.473
275.363
668.529
290.977
194.747
695.84
5.73296
641.555
662.926
339.597
667.625
648.974
174.239
39.456
718.883
652.124
690.58
625.281
48.263
453.618
648.768
693.382
658.793
650.319
248.276
603.431
369.487
622.38
658.319
671.738
633.176
488.079
652.827
668.351
466.595
0.521935
482.786
41.1555
670.242
700.435
630.951
640.226
673.729
707.856
670.04
688.685
679.935
701.778
658.507
660.388
677.08
644.105
661.239
51.8089
271.781
646.188
673.48
715.091
637.667
223.328
659.23
641.952
694.478
61.5829
25.5146
26.112
661.636
498.592
654.416
669.21
677.815
681.887
659.658
631.29
682.739
130.167
675.693
655.078
24.7471
650.466
663.523
672.908
658.739
689.388
660.912
679.862
697.667
683.242
646.909
22.9226
644.783
714.606
699.503
407.015
650.575
655.269
649.472
603.957
101.442
56.865
674.622
280.246
676.865
653.914
104.994
692.105
649.396
715.827
226.984
70.6239
630.749
691.157
673.671
683.878
20.7831
696.49
26.4629
640.257
310.694
650.759
620.944
650.983
185.295
681.488
24.0124
658.575
670.71
653.69
693.3
656.223
733.889
156.845
145.175
367.669
654.658
667.19
164.54
671.974
8.78541
321.875
655.088
154.244
14.7163
665.731
665.264
637.281
708.225
620.639
140.461
4.64476
452.635
18.6502
381.403
674.97
654.298
608.848
621.072
658.416
640.225
649.913
680.54
662.562
692.87
669.179
635.771
656.858
672.042
684.023
34.2315
199.695
405.313
655.867
387.041
679.399
640.316
0.767299
677.936
644.684
3.00686
636.458
652.536
262.523
20.4531
676.259
445.884
625.253
675.756
678.524
259.722
637.219
639.342
675.009
116.551
648.078
626.933
667.422
631.715
650.622
360.071
648.91
626.94
733.645
679.055
26.6079
622.393
7.17908
668.193
652.857
660.93
698.321
388.861
630.489
653.823
697.81
655.233
653.267
653.883
620.528
8.59003
612.531
38.0488
697.209
652.668
2.01707
709.087
689.049
162.557
696.533
650.007
678.426
671.779
687.495
318.073
643.731
677.508
612.289
663.157
467.178
644.036
2.67586
610.309
668.475
647.545
653.669
262.793
657.812
380.874
661.566
250.86
697.157
724.307
647.328
20.3062
26.4443
230.625
689.097
626.698
659.519
108.353
735.994
83.3523
475.668
723.515
636.801
406.197
682.562
697.19
624.218
477.433
673.263
57.2492
663.576
643.824
667.162
682.198
652.929
33.6159
654.023
648.469
424.324
647.708
689.303
7.37053
670.414
658.053
673.102
661.637
665.063
679.77
30.8471
644.882
652.417
666.543
657.598
652.956
258.848
673.232
713.456
686.579
682.614
663.04
158.232
102.637
666.744
646.468
352.019
666.936
663.525
672.906
50.3792
683.783
617.081
109.509
686.967
113.976
629.753
37.6562
645.997
14.9723
8.84677
662.34
479.487
30.0333
627.636
650.271
652.891
616.965
664.616
641.192
674.801
486.205
668.033
693.91
680.995
677.626
29.8348
651.58
677.668
652.626
643.824
663.654
11.8485
653.757
662.8
647.63
608.722
643.321
698.895
3.16297
670.869
637.93
676.831
638.108
644.318
638.742
642.757
657.957
647.981
617.57
632.669
657.485
10.8163
638.5
680.368
9.11901
679.287
681.951
465.576
677.538
619.272
655.772
663.699
671.165
679.475
656.369
486.582
137.38
637.133
711.411
659.347
646.54
632.399
650.631
685.718
697.783
190.631
35.0358
670.02
648.669
662.976
21.816
632.762
197.103
664.399
682.46
678.324
664.506
678.839
655.075
59.486
636.424
719.118
704.618
138.587
632.531
638.854
651.673
599.679
645.835
1.67726
650.144
320.161
115.893
677.423
660.049
396.931
661.535
648.727
651.09
20.7138
697.935
645.726
653.537
691.966
665.981
307.841
644.218
643.793
655.981
121.995
641.901
679.493
35.0235
19.6894
678.985
689.306
138.849
219.462
648.32
687.057
409.341
663.128
637.065
654.091
654.829
536.396
495.233
308.835
7.62895
653.965
446.383
297.229
374.751
713.204
704.318
657.632
663.533
259.886
645.519
464.04
640.258
60.2445
671.175
640.89
665.552
649.67
617.262
628.008
630.788
679.402
632.028
670.12
636.443
702.207
477.197
185.086
657.776
625.292
665.156
641.674
649.423
680.634
653.033
632.543
619.893
694.191
693.403
690.849
248.103
157.297
56.8928
684.289
414.614
644.322
672.823
644.657
670.066
694.224
502.583
663.047
643.619
654.201
642.736
652.246
661.054
92.5314
461.939
478.631
630.095
105.919
149.521
711.947
665.778
673.724
211.666
663.624
174.026
101.353
13.0981
642.148
662.389
638.819
648.347
20.4231
635.348
130.906
728.67
100.896
665.442
667.13
682.366
692.516
367.535
470.236
652.567
662.695
277.717
664.955
674.801
117.818
644.268
651.928
149.314
649.899
130.995
227.067
663.891
681.374
658.13
693.847
285.246
634.888
22.6063
687.712
721.243
212.5
677.036
687.879
1.58819
512.363
635.735
646.199
703.283
70.3393
643.991
18.0196
697.305
654.373
105.54
387.318
658.832
651.507
13.4229
11.8938
632.92
1.15974
640.693
676.762
660.356
646.107
643.579
249.912
629.809
229.356
81.2537
643.103
699.06
661.599
71.1498
669.447
652.248
686.66
652.876
707.652
6.27334
615.065
68.2118
696.032
649.307
702.92
648.398
298.613
673.697
42.557
697.929
685.602
686.275
683.237
645.316
703.926
667.567
16.7786
710.556
630.575
29.902
701.063
693.528
656.089
686.947
216.453
677.274
207.686
664.57
15.6274
678.803
663.2
661.349
709.047
126.543
675.55
102.985
683.07
169.047
41.7432
78.3063
662.624
19.7457
626.688
650.11
633.564
127.315
643.42
651.976
372.653
31.9527
663.05
10.7115
684.232
609.757
684.321
31.2293
658.543
642.235
663.677
322.533
705.184
647.861
684.495
661.041
690.925
633.519
635.385
716.974
498.896
467.678
362.328
427.249
425.438
203.238
736.893
670.376
12.1455
729.212
668.595
645.013
9.59772
674.882
635.251
27.4279
699.624
332.273
686.542
200.701
629.735
429.711
635.725
647.744
624.829
650.529
649.55
674.65
665.638
610.914
669.337
694.228
18.0687
624.593
665.417
4.74825
336.954
669.97
670.589
682.56
59.9317
216.465
653.629
382.478
357.694
673.551
628.96
645.148
658.108
695.286
504.407
666.974
135.221
655.124
652.596
658.019
687.041
669.724
638.365
642.803
650.513
680.703
657.782
666.055
684.024
649.144
0.094723
431.269
683.427
24.0441
3.27114
663.648
641.085
73.7295
212.094
632.689
619.655
623.625
364.995
662.966
657.158
631.173
96.907
647.611
668.187
317.058
637.92
635.522
658.487
642.441
653.721
136.128
683.06
634.392
693.177
660.273
655.287
64.8723
663.677
82.9876
160.974
635.316
658.472
689.25
351.88
649.109
664.933
92.5625
682.134
631.956
653.06
692.406
223.216
675.094
663.679
648.092
197.734
655.308
663.723
664.369
662.918
119.678
14.0268
660.467
717.36
636.856
42.9967
643.248
416.393
478.998
666.237
136.474
624.096
247.614
461.23
676.956
49.2257
704.164
434.4
643.581
671.885
623.835
663.423
679.364
251.053
312.726
688.467
655.986
688.393
657.755
672.939
653.275
491.372
2.82998
667.584
679.09
673.771
75.9879
660.474
657.114
55.8356
455.942
706.56
628.497
684.78
650.445
20.2203
655.52
437.806
640.881
729.925
652.889
212.947
89.4944
661.422
710.917
741.388
644.394
198.663
667.81
371.741
661.566
251.124
444.014
685.533
697.742
268.641
670.57
703.75
478.902
496.799
655.275
639.897
648.698
648.323
634.708
725.036
198.928
680.383
653.34
687.552
646.964
685.267
661.225
636.015
53.1747
661.526
649.644
713.117
480.248
25.2351
606.1
348.246
633.441
633.182
103.004
658.905
688.047
680.178
667.27
640.87
393.42
659.636
37.814
638.611
635.007
666.882
685.749
661.712
666.101
678.319
97.3401
698.535
417.208
650.416
703.543
699.056
635.869
700.908
667.951
225.804
639.625
703.712
152.533
232.839
0.90824
115.818
695.542
636.885
650.098
665.455
178.07
682.526
11.8736
250.714
629.166
330.532
618.786
339.32
678.366
645.198
49.1623
681.436
658.912
188.202
20.2453
71.6331
434.711
686.099
10.7204
658.449
657.954
656.306
640.438
216.184
669.386
713.923
121.144
238.719
0.4378
652.994
691.946
383.075
8.67257
665.334
670.76
680.61
655.957
203.219
0.336287
681.74
704.318
662.413
660.762
678.359
141.651
678.898
670.209
644.228
670.373
642.907
207.583
661.897
655.382
668.12
153.015
681.825
689.041
656.232
634.982
686.214
9.24508
15.644
654.25
646.786
631.156
686.244
687.229
1.35688
109.929
685.949
625.188
4.83453
681.396
603.848
70.6647
701.055
21.7365
674.368
661.599
632.618
617.296
677.216
682.499
138.464
696.734
682.812
92.4327
678.57
642.56
251.189
615.287
441.313
670.008
631.06
8.05683
660.972
671.945
659.669
633.264
661.852
655.092
459.032
323.764
23.1824
714.346
717.162
646.106
7.22338
684.512
644.06
653.819
1.18744
656.391
675.795
694.634
14.9119
685.917
669.757
630.676
32.2179
679.313
448.486
640.021
644.208
670.531
641.898
674.793
653.494
670.869
141.345
601.938
662.168
623.488
12.8876
625.508
632.685
61.1687
684.941
645.053
665.161
9.40834
129.7
461.333
642.406
717.506
650.863
40.7406
632.47
633.704
647.116
658.292
646.193
673.774
653.126
672.666
676.61
83.6196
640.649
649.018
128.951
670.237
661.134
683.188
704.528
9.26487
649.88
657.973
641.125
658.554
702.598
642.419
647.595
655.223
648.248
691.825
698.81
698.672
267.108
668.656
444.32
635.402
36.4184
642.8
660.66
86.2832
645.455
671.169
29.7712
691.418
679.195
0.0158879
663.051
636.183
643.216
666.195
669.836
632.018
633.695
8.3509
10.6777
444.574
18.9386
231.46
686.787
628.424
29.9624
717.841
637.931
627.467
693.648
621.978
643.126
288.996
655.577
482.555
678.381
666.848
702.877
671.303
214.271
687.775
625.446
662.057
322.27
682.919
650.056
343.499
677.6
653.106
644.496
45.642
649.03
629.315
188.76
662.863
466.402
453.696
330.775
626.838
656.951
685.632
6.9933
635.745
476.934
116.714
683.434
674.058
671.955
732.895
639.724
16.8667
667.32
174.075
7.08445
635.436
104.918
677.412
679.879
66.7688
631.159
645.533
689.622
683.628
655.779
665.901
676.064
653.137
124.913
660.153
676.08
432.538
112.641
715.688
278.177
667.888
325.455
643.103
372.949
676.447
689.442
673.098
656.8
684.233
50.0258
694.487
695.283
491.786
659.152
27.8291
693.541
676.094
10.6524
673.513
663.806
689.316
695.497
656.914
643.94
626.815
680.468
687.827
25.4603
325.411
460.818
102.975
7.57754
5.27203
673.869
639.222
661.282
661.997
674.616
269.533
630.96
458.883
641.757
606.752
718.064
343.5
663.299
675.139
640.53
629.048
13.3463
711.194
494.668
107.236
668.73
108.97
34.973
112.967
706.472
679.17
650.136
703.02
701.354
293.696
694.444
692.694
0.599806
404.658
599.43
694.697
43.2414
713.51
662.889
629.679
658.682
637.237
112.288
607.052
674.447
616.72
4.15877
649.538
643.455
656.666
1.7087
139.116
648.025
649.906
213.724
664.382
668.604
702.86
618.604
662.311
656.279
634.319
453.014
664.55
641.864
657.474
690.216
705.242
674.424
648.055
653.928
673.527
664.99
666.515
163.692
271.387
40.9069
680.135
213.086
657.193
672.064
602.842
110.815
20.8161
656.791
644.2
207.789
69.9108
99.2675
224.699
156.992
313.447
694.105
680.577
63.354
667.83
57.0488
608.989
692.053
634.55
630.482
652.864
155.633
644.081
692.91
329.033
649.08
642.599
38.7835
29.3287
661.029
108.722
690.969
679.937
658.645
667.606
474.089
667.407
656.044
643.053
651.207
652.644
653.357
145.287
657.946
724.386
689.149
654.437
627.663
671.397
642.124
659.085
652.158
664.029
657.339
250.007
170.464
640.469
161.3
424.716
13.2206
660.159
33.6015
62.143
689.693
17.6063
711.192
664.358
624.04
707.862
724.523
659.396
677.591
418.271
675.602
238.448
649.698
71.0538
608.924
679.263
683.504
9.64004
294.842
641.82
668.823
480.924
114.468
83.3144
363.068
699.928
639.383
701.117
673.718
632.277
458.309
653.945
659.9
641.487
680.028
669.505
652.494
667.532
651.359
94.6002
625.666
686.106
656.26
650.785
165.954
705.58
644.419
672.439
678.258
670.503
652.178
446.192
344.777
667.902
643.678
702.68
660.143
643.722
664.534
613.038
710.701
461.017
655.273
650.911
676.764
646.478
81.0866
654.471
675.367
695.35
612.168
667.199
321.562
646.006
5.0671
649.365
668.176
124.135
637.58
659.302
609.747
671.499
630.142
5.52898
683.778
698.014
644.775
647.606
672.835
166.007
661.541
174.199
694.517
2.94381
747.199
37.8341
20.747
51.2272
685.315
472.785
719.654
629.808
237.608
711.55
694.898
631.383
482.855
656.791
651.638
646.457
623.251
625.17
370.727
683.392
671.307
624.904
49.3479
714.47
666.101
57.8165
302.966
5.28754
626.952
88.8839
678.917
54.2057
77.5574
657.623
647.115
682.086
9.06835
694.436
669.864
636.536
662.628
205.055
631.951
692.648
28.1701
45.0655
664.435
710.076
666.847
658.208
722.336
625.215
429.691
53.2959
665.23
653.5
274.111
658.215
712.379
680.437
673.193
285.826
681.349
651.342
666.849
628.821
290.812
608.989
470.426
628.088
484.401
203.54
647.904
695.646
13.6954
659.658
427.909
681.887
636.871
688.966
693.011
651.142
689.621
83.8436
314.519
647.597
654.911
19.0241
705.367
667.613
658.135
657.347
678.373
641.335
140.654
685.63
620.738
424.961
447.435
681.103
18.9319
672.508
639.413
615.291
659.682
237.6
666.636
647.502
669.663
282.685
597.812
668.371
684.606
641.877
191.141
468.188
654.354
678.626
663.143
688.146
663.085
632.65
663.745
672.676
631.428
668.098
653.87
426.798
461.132
682.268
660.929
700.52
696.616
695.645
695.582
83.0516
662.008
677.415
165.049
665.083
676.487
662.832
638.327
675.649
476.127
188.059
653.663
681.815
682.65
455.292
677.159
657.99
6.11372
674.497
181.686
650.901
202.818
692.265
672.152
654.164
55.4309
70.4907
701.289
405.091
148.392
645.51
654.027
651.222
368.088
662.94
662.049
28.6077
627.201
491.648
654.775
683.377
483.822
623.748
629.228
660.264
639.426
612.435
666.332
667.12
264.842
110.287
684.845
96.0861
230.999
678.356
645.836
643.305
406.825
685.829
654.964
698.426
2.99653
683.402
34.3357
57.5666
665.856
622.629
625.03
642.587
622.231
164.151
639.787
456.936
683.774
33.5738
635.18
670.855
675.91
243.583
669.354
658.926
653.385
50.904
701.632
145.921
63.7024
40.5435
279.763
719.119
55.4513
2.02821
664.507
174.312
691.893
673.263
648.736
226.14
649.751
664.121
38.3096
660.972
642.358
655.825
627.19
148.056
699.132
662.425
669.096
451.847
59.7598
641.733
690.149
667.428
683.551
650.459
670.079
679.357
10.1595
669.517
58.745
9.4994
687.289
675.893
122.728
663.954
651.405
636.798
4.86332
0.676513
650.354
693.75
631.515
647.18
686.401
648.511
680.51
658.585
636.364
687.207
687.098
214.817
673.864
12.4441
687.647
230.115
620.533
675.062
651.801
644.637
680.639
28.7181
11.1061
439.687
709.06
659.833
663.208
682.226
15.6036
621.2
644.552
488.708
710.646
470.082
661.251
682.133
10.9107
115.086
702.897
662.068
645.735
690.587
642.928
712.758
645.802
655.377
54.9377
142.576
646.289
458.361
614.193
677.961
601.291
650.909
401.132
652.755
440.72
667.499
637.168
316.702
450.196
649.187
599.763
633.846
676.036
653.871
211.016
687.281
675.372
66.8346
661.932
675.356
88.4831
663.394
248.738
628.575
668.911
663.872
707.593
78.4753
702.419
184.315
664.162
79.8926
661.828
4.7268
674.216
91.043
689.075
642.018
10.7279
638.122
5.41591
289.228
672.024
4.94665
626.501
642.322
604.422
696.345
712.93
708.026
117.055
281.692
694.855
677.787
662.39
673.634
255.94
695.513
673.487
426.551
301.897
43.5624
665.85
633
242.04
42.153
3.58079
660.1
60.5663
650.854
639.417
655.347
278.793
2.30401
657.423
25.8395
40.0992
655.985
644.944
666.548
24.2818
17.1786
673.211
685.211
667.288
649.18
643.218
688.089
708.597
684.589
657.589
617.873
658.281
396.788
629.887
659.815
708.158
675.791
685.747
679.429
711.755
661.823
12.2207
698.317
664.503
665.48
46.3839
698.748
653.57
696.52
636.756
660.636
697.857
62.966
664.059
652.2
656.326
689.537
617.105
676.207
632.104
108.154
670.801
455.612
651.96
666.57
62.3045
641.215
664.231
664.026
676.186
106.032
688.756
652.736
670.336
670.4
203.406
78.5671
681.392
651.074
701.85
638.424
688.495
684.413
681.904
651.908
480.313
646.758
503.279
289.549
696.688
649.911
408.064
3.66144
39.7125
661.841
662.208
604.506
678.711
666.49
417.516
698.627
384.632
15.9966
169.742
658.379
644.296
652.604
6.5974
673.154
0.117307
701.384
135.587
651.012
681.282
413.101
644.291
616.656
641.227
658.105
390.034
315.478
267.975
50.1257
689.53
637.177
684.076
305.699
8.18682
636.889
667.8
633.15
663.391
700.019
517.452
645.74
506.103
641.587
700.067
652.372
480.794
143.894
660.948
640.463
630.117
2.3767
24.4847
138.99
686.231
2.1665
664.571
370.29
57.5806
651.297
682.109
659.775
681.407
86.2617
226.559
676.841
686.004
640.29
144.272
676.116
635.754
648.395
110.584
731.723
639.341
70.6421
23.2232
28.4528
625.462
446.404
678.515
656.45
636.107
656.483
385.207
7.82362
656.928
703.542
676.092
485.789
693.097
358.663
652.656
117.518
692.271
443.37
643.243
637.538
192.211
482.506
166.775
625.233
618.088
677.185
701.607
210.553
18.1119
675.641
627.208
681.926
386.104
626.154
668.677
667.239
3.88802
52.7344
212.928
628.613
654.509
308.929
139.556
461.073
657.393
638.78
646.595
702.707
693.521
659.598
438.627
658.051
686.449
690.663
666.433
712.728
613.974
216.121
48.3726
677.999
191.962
660.043
462.374
445.134
679.98
50.185
665.201
6.76243
652.091
644.973
347.369
713.992
439.118
677.603
1.4583
364.711
665.763
669.363
615.38
644.262
656.383
27.2796
637.939
162.126
3.94241
624.548
698.739
640.211
681.348
150.852
6.35605
639.697
665.504
694.185
698.678
648.01
612.128
617.309
692.968
686.86
660.506
650.622
660.991
657.444
646.647
721.795
4.09536
151.503
95.7475
647.979
667.959
667.77
667.505
587.316
480.657
628.083
644.497
413.633
652.183
672.778
691.676
659.135
680.212
675.518
674.29
127.053
5.16837
674.877
20.7255
663.827
212.667
294.463
595.646
691.21
639.908
56.8136
204.591
695.538
124.887
705.637
661.551
671.063
676.417
662.605
701.261
626.023
285.946
658.149
13.0204
674.31
624.559
643.149
682.359
432.976
652.543
645.552
738.461
437.29
56.1015
631.692
634.547
42.8757
695.361
691.631
11.9194
689.848
676.023
637.422
4.19242
644.146
675.548
689.424
483.189
647.669
8.31145
660.792
635.949
282.308
661.853
225.096
655.57
36.5654
674.246
655.186
655.998
103.319
665.875
67.604
404.798
666.592
683.924
670.266
12.2278
672.433
419.33
658.569
721.038
634.254
701.991
672.182
640.731
631.107
674.691
75.8094
687.442
466.102
200.569
679.068
250.723
646.701
698.652
82.161
701.739
671.418
415.377
397.483
511.463
645.297
32.0803
666.153
377.216
683.563
390.185
657.386
210.405
669.612
702.935
77.7035
637.162
600.578
663.153
667.083
647.2
626.415
640.202
649.561
356.698
622.662
677.806
671.173
704.296
26.324
648.702
2.86054
658.403
641.424
683.95
462.671
648.047
660.957
655.667
657.14
654.493
673.56
633.275
669.673
677.732
494.508
708.475
644.483
35.1019
1.33737
468.45
7.87665
460.239
659.852
637.412
448.581
705
647.301
422.757
640.852
717.728
642.212
660.686
624.043
8.30131
676.646
639.766
622.058
645.667
716.447
647.094
701.39
649.866
675.318
148.121
136.439
229.1
645.834
627.591
650.819
677.49
649.798
11.8739
676.241
681.835
682.794
409.891
307.72
675.442
609.213
691.696
704.04
648.839
655.816
670.378
670.439
646.854
650.503
739.989
496.98
661.993
382.794
90.492
322.65
31.1234
698.842
668.875
715.076
16.6194
587.097
4.543
668.192
645.396
650.922
204.908
665.02
74.9949
713.59
651.255
645.465
201.753
651.819
37.8354
474.956
652.452
9.48962
667.702
27.8834
686.289
674.669
675.337
671.155
218.777
733.919
20.2081
690.596
161.925
675.561
672.094
643.611
286.596
20.5265
665.122
397.526
693.327
12.9425
683.068
645.679
636.82
674.611
691.847
682.219
676.106
642.741
690.052
650.937
699.747
677.674
647.852
70.7806
647.245
468.038
661.369
649.887
650.321
49.8603
654.549
323.612
617.183
642.164
652.813
652.751
677.536
691.225
665.699
687.328
351.048
444.399
51.8047
49.6595
639.407
383.162
662.991
681.303
159.2
273.351
648.454
678.034
338.387
4.17273
609.213
616.981
695.833
126.659
7.70536
24.3034
718.19
252.517
674.794
416.666
637.394
14.7364
732.749
650.557
653.234
696.601
17.0413
52.3968
193.852
35.4313
700.36
627.347
630.988
88.6204
622.555
695.82
639.346
680.659
676.332
611.059
688.499
711.411
649.886
655.436
645.626
676.486
625.357
228.143
700.493
650.379
662.181
617.628
102.194
448.802
650.948
657.453
654.912
82.4016
659.575
687.127
635.107
38.5365
655.985
3.24834
646.474
183.311
626.747
688.871
289.061
315.774
679.373
93.3039
680.995
675.339
629.419
702.734
130.043
681.304
654.107
268.558
648.13
618.352
447.25
676.914
677.652
666.718
667.336
676.606
303.729
697.72
33.0357
654.94
256.013
667.167
69.6623
110.001
653.894
152.284
649.715
651.909
662.637
154.197
695.012
96.5136
433.703
712.609
212.228
92.1999
701.522
295.511
13.7292
655.006
700.669
683.005
627.236
470.012
613.236
666.907
688.963
467.448
19.1446
85.4874
689.498
322.336
686.064
661.486
239.857
659.919
31.4347
676.287
635.628
671.786
72.1134
642.313
666.813
660.123
367.859
653.854
183.184
385.839
663.586
688.211
622.346
641.976
671.253
77.7544
647.064
490.588
673.207
638.606
663.814
206.476
90.1699
94.9602
636.419
659.837
651.078
677.765
653.731
676.201
225.723
671.595
632.96
94.4377
280.215
646.717
672.164
656.625
670.016
696.624
693.734
654.188
680.291
694.27
679.747
652.343
637.986
689.55
639.612
657.831
663.72
660.763
642.043
667.584
31.6729
424.861
673.997
120.184
649.055
661.508
691.582
666.156
646.185
663.675
671.262
675.687
11.1287
672.497
651.798
698.952
650.274
641.81
690.52
681.386
686.377
245.72
637.159
656.88
483.631
625.336
38.3686
672.523
0.298836
506.925
326.23
657.1
635.184
154.4
600.067
96.5643
683.881
637.577
664.647
138.872
710.323
60.9375
663.547
683.73
647.381
696.675
634.151
617.326
105.672
131.272
658.731
649.764
668.566
643.144
654.51
708.136
654.051
690.938
98.6477
88.6865
113.929
650.995
71.6602
659.532
41.2747
24.9827
728.296
311.916
699.736
678.692
681.222
697.941
686.851
663.281
678.849
639.708
647.88
20.607
659.987
676.265
12.1258
25.468
657.558
42.4034
650.831
648.089
669.583
684.838
631.386
622.656
647.351
475.402
659.771
45.1025
194.54
647.099
616.85
679.054
402.168
661.379
600.79
697.459
476.875
697.278
660.409
129.78
666.885
461.676
111.998
694.516
656.575
676.904
683.096
674.522
636.398
128.088
661.249
635.75
633.776
707.568
664.349
84.3811
653.181
686.173
651.409
653.302
74.5786
673.886
663.396
685.443
375.26
664.258
684.418
483.121
646.306
475.067
675.958
296.33
664.507
478.505
17.8179
646.703
659.693
709.616
674.253
656.784
655.842
699.144
664.532
690.452
188.595
654.788
652.465
653.45
103.657
610.966
171.554
667.241
16.9276
612.44
667.955
656.75
669.934
2.4239
700.799
639.878
654.207
655.903
644.369
429.097
669.515
475.591
649.84
654.851
1.65952
713.998
700.065
651.886
19.8437
645.638
630.939
669.734
663.583
683.411
687.997
695.877
237.589
625.888
678.823
648.914
654.106
127.177
705.71
395.849
255.963
70.2886
301.025
654.603
113.187
128.114
645.496
669.191
659.483
655.297
312.253
216.636
128.046
622.885
689.172
20.9325
508.604
479.14
621.946
649.26
538.103
712.684
88.397
682.106
628.647
68.2477
690.657
652.647
663.434
693.266
651.824
631.275
658.66
235.92
692.697
439.057
684.42
87.2246
78.3726
671.464
633.132
650.504
646.22
706.54
71.9316
37.6718
20.2742
648.07
664.343
631.095
71.9992
672.431
683.582
323.119
621.411
692.488
271.344
667.832
190.881
639.935
668.241
648.821
658.169
495.216
704.788
663.237
9.33604
664.902
646.179
692.22
668.596
658.435
256.602
698.095
668.106
673.384
675.605
695.601
680.39
652.544
21.897
635.645
311.058
677.807
643.714
654.177
0.409381
100.681
677.902
158.61
694.91
628.548
659.751
501.135
633.093
258.333
694.462
669.479
702.942
656.898
715.025
250.829
625.711
689.83
667.863
640.282
611.241
597.82
685.424
647.83
663.507
448.597
489.204
29.9713
644.14
110.487
485.096
666.86
647.871
660.741
688.458
677.925
679.871
665.459
657.941
690.814
651.767
626.345
667.432
671.101
71.0602
6.29115
658.331
497.517
591.52
236.526
654.897
655.782
699.272
675.84
368.972
651.119
652.369
12.5979
18.4566
698.619
50.0648
334.763
633.023
182.606
669.287
5.47291
647.663
656.51
669.327
683.586
91.4005
630.511
319.431
673.066
642.363
42.9528
672.936
657.398
238.44
238.608
4.34227
337.289
2.11226
423.07
683.536
650.889
663.78
650.195
383.762
320.775
693.245
684.304
641.944
651.28
651.089
722.871
657.936
341.62
692.301
170.62
8.52821
645.153
667.367
666.126
691.691
76.8014
659.613
681.327
169.951
651.217
130.813
94.9343
659.84
299.855
115.315
655.948
468.148
700.584
697.084
55.3023
673.737
657.67
661.961
633.089
6.54601
664.878
60.8562
253.75
447.64
672.675
355.137
658.552
655.774
128.149
668.773
485.366
675.724
678.389
633.009
423.226
274.561
664.174
684.031
246.888
718.838
657.566
680.659
667.086
682.588
680.94
101.374
55.109
666.541
261.373
678.53
81.8212
22.7259
662.174
692.665
657.2
648.03
653.81
651.414
692.837
675.861
71.427
76.7559
639.194
38.2725
626.987
338.958
637.988
664.958
640.758
38.9258
720.246
675.367
232.087
261.298
690.479
116.257
167.864
677.959
383.248
21.8053
665.916
373.493
177.75
666.866
683.158
85.442
674.773
644.455
669.544
681.229
717.268
436.344
646.341
1.29264
664.328
642.784
636.561
206.259
659.221
68.5669
664.805
621.215
648.444
647.837
122.65
169.813
345.929
659.999
661.448
664.06
677.574
685.854
10.3451
185.483
770.891
672.192
147.816
465.645
638.592
612.431
646.835
119.215
680.697
638.753
650.027
48.7813
673.763
677.69
146.441
654.475
657.881
67.8457
663.019
675.973
672.229
708.795
45.4576
644.535
284.647
691.202
695.115
57.259
379.231
633.793
32.5014
154.089
638.929
645.706
62.1873
699.005
448.608
664.071
678.165
660.025
680.67
687.694
423.022
455.638
668.919
126.25
646.448
638.679
645.371
637.414
692.508
650.316
446.446
656.285
619.905
692.56
441.195
650.078
699.143
636.442
267.433
657.47
636.528
684.4
672.542
658.366
657.229
664.707
702.842
394.92
39.2421
217.24
650.393
333.057
646.072
647.854
641.342
604.165
90.9864
139.539
686.654
114.701
645.756
204.378
476.695
622.43
678.937
622.479
644.424
632.91
631.544
425.394
633.545
643.472
666.597
606.664
496.144
700.398
49.6741
685.346
703.661
653.542
643.333
2.68958
648.554
471.586
653.347
735.354
25.2856
659.596
417.85
88.7162
712.011
737.147
638.435
1.10087
653.421
166.756
477.689
636.834
418.334
656.152
674.515
682.888
8.79773
706.542
619.502
367.589
704.057
692.936
656.028
5.29899
705.008
97.3123
84.6556
659.661
656.644
634.055
652.971
669.012
128.161
670.284
696.441
627.804
4.56402
635.978
95.0882
336.9
653.066
690.133
667.655
624.283
206.119
637.269
97.5257
432.335
652.713
598.256
660.109
239.372
389.269
644.885
625.99
666.137
666.59
693.631
647.179
1.71037
644.724
190.256
701.716
673.151
679.916
469.139
680.547
654.234
663.787
696.953
651.195
441.135
620.796
481.642
649.377
689.731
655.277
669.687
652.071
705.269
674.783
649.324
508.189
689.12
676.429
418.732
678.76
629.247
319.071
702.686
640.284
689.113
657.054
32.539
635.649
661.047
237.783
687.873
658.074
672.848
673.888
202.961
487.929
378.453
700.719
343.315
688.602
171.316
666.883
644.635
163.431
131.799
682.629
364.065
678.141
644.636
662.161
702.662
665.825
120.575
683.103
66.2374
675.128
195.375
331.477
684.352
204.463
626.115
679.381
234.944
372.759
415.5
670.241
5.09689
315.349
671.888
18.9014
52.6469
514.875
641.328
676.579
677.599
644.167
689.666
661.549
666.587
704.198
665.17
629.102
674.093
648.275
686.762
352.384
25.0776
681.05
677.664
655.637
628.311
657.008
99.2396
377.428
677.416
627.612
672.246
643.376
54.0569
658.669
60.6057
143.316
632.037
304.561
646.622
234.411
7.81769
450.916
706.689
630.524
48.6122
670.503
462.3
635.191
183.679
693.17
679.761
668.48
122.994
104.758
410.639
652.185
681.627
659.965
624.427
633.18
671.3
638.391
666.742
665.769
670.481
124.04
55.0622
552.362
70.0088
700.099
669.315
668.77
500.554
643.908
429.304
628.177
627.066
645.525
608.956
671.663
658.917
371.855
644.485
203.771
129.166
639.973
453.638
658.479
664.64
644.59
372.385
686.27
644.115
82.4154
191.635
15.8538
669.356
639.09
190.93
621.417
673.503
717.879
668.366
654.936
33.276
102.976
652.463
650.145
667.176
643.799
7.29082
644.087
682.742
268.604
630.605
676.236
455.163
7.08925
675.444
684.674
638.136
67.8757
666.282
227.741
662.18
336.944
678.604
682.117
646.85
698.01
667.352
61.6025
671.934
411.571
658.607
601.641
690.892
638.08
661.315
685.146
621.062
653.629
664.834
642.862
711.014
647.38
630.12
644.127
464.298
49.9935
650.225
686.534
661.369
651.597
679.91
709.488
656.617
625.836
41.5925
667.865
642.956
648.505
641.548
684.775
634.249
28.4728
20.0072
667.026
630.769
163.509
418.919
685.518
684.415
210.587
646.029
39.1866
627.796
650.905
311.408
7.97741
37.587
45.0199
711.771
677.752
664.205
672.64
654.022
645.757
648.232
623.609
642.594
662.312
148.755
677.202
404.65
683.775
75.0953
694.892
217.411
642.56
661.907
4.15697
622.634
680.178
612.114
674.959
636.73
715.881
55.4368
684.986
674.655
5.10008
687.22
677.559
652.178
674.46
314.456
149.7
1.77447
712.288
656.847
657.61
344.671
666.685
668.287
629.609
645.524
650.561
642.94
457.186
305.631
651.47
646.351
672.019
633.846
29.2716
55.0573
648.765
690.351
645.078
164.803
119.505
643.057
697.484
46.7198
664.937
647.043
129.948
631.441
606.664
13.0218
8.48066
660.499
628.643
184.151
142.668
498.493
681.006
665.992
676.186
326.793
651.692
659.246
3.67995
21.8991
37.5868
440
689.27
29.1548
657.059
79.2452
698.965
695.874
670.185
396.97
695.312
678.429
630.638
678.97
671.819
645.91
671.552
667.57
137.245
656.547
650.956
691.577
686.775
681.763
440.61
655.257
690.97
646.755
647.153
17.7864
343.704
614.455
450.221
9.2074
675.365
627.095
687.144
683.714
294.472
7.01783
182.965
686.304
679.871
508.007
639.196
5.71206
459.138
600.938
294.315
576.276
648.409
691.001
459.94
67.6514
441.802
460.771
675.989
132.241
700.433
689.354
692.877
639.084
31.632
691.253
221.167
593.271
293.716
658.524
1.05068
657.373
661.298
269.461
267.111
346.076
676.346
128.84
612.486
674.26
198.399
702.545
635.56
685.079
642.05
657.823
630.832
673.759
659.577
619.655
627.135
663.271
454.113
10.7342
701.379
466.042
669.878
445.003
694.256
121.845
671.1
652.852
11.5052
389.079
669.845
58.0844
669.569
689.643
665.706
672.243
321.915
676.512
311.431
679.768
88.5558
678.819
660.703
694.34
246.973
643.853
686.196
636.324
0.95137
664.872
680.014
159.119
696.08
669.259
702.06
695.173
402.375
9.23739
631.161
696.411
319.299
185.385
147.7
698.079
98.0352
257.874
311.994
685.519
661.478
643.602
26.7326
645.374
615.096
679.167
641.133
682.661
638.89
260.411
701.919
113.898
661.846
647.106
708.419
671.179
291.563
643.419
34.6741
464.242
731.561
637.195
671.747
656.909
641.013
362.353
673.222
639.795
661.626
174.444
6.2028
223.318
698.438
665.632
87.9255
14.481
673.655
186.027
709.532
313.042
183.36
153.303
611.619
672.905
62.7378
706.269
654.919
624.736
697.409
636.095
318.936
670.088
696.139
8.70263
648.914
396.153
681.096
654.757
22.0332
10.7298
462.598
657.464
44.5645
673.35
666.261
688.106
667.495
635.223
611.757
648.381
656.762
56.3487
707.543
209.123
650.989
102.15
201.908
12.593
650.613
663.232
651.41
687.143
646.683
670.555
137.812
319.347
680.67
668.677
155.121
672.429
663.358
642.73
2.37614
671.58
682.649
672.088
687.893
652.186
65.9951
6.42275
640.146
687.186
683.413
420.852
643.787
680.867
652.411
627.292
662.021
3.14017
676.371
661.666
671.625
217.463
652.119
676.394
43.3613
704.875
719.036
643.157
1.07594
657.212
644.197
641.166
655.207
704.982
648.166
701.837
666.665
655.906
116.314
658.281
696.464
710.736
648.32
645.878
640.191
667.959
20.4954
0.37896
638.79
7.01632
4.50865
697.883
665.766
657.445
394.044
666.057
666.539
623.073
658.746
121.711
660.692
0.970845
639.07
666.912
679.126
27.0045
439.89
379.52
697.214
294.047
666.718
681.483
57.3007
259.973
58.7236
0.657834
1.56753
651.622
658.039
643.271
695.426
682.49
503.971
81.6119
265.332
640.098
685.434
617.618
211.409
658.325
667.457
667.999
690.66
90.3389
677.75
690.975
156.685
27.8969
616.103
690.842
128.279
643.004
648.084
469.866
19.2156
255.788
467.406
649.371
652.371
166.521
631.496
653.166
667.957
68.7482
620.937
673.662
32.9398
678.753
639.579
677.337
656.658
711.736
19.7329
411.726
703.76
619.902
626.671
268.233
665.487
701.834
7.83504
666.645
651.803
28.2162
679.826
40.1677
45.2692
748.896
658.19
674.853
634.919
673.224
636.821
670.125
163.308
89.8124
472.178
645.509
627.628
677.816
655.927
131.473
680.072
648.452
27.5149
2.91586
661.202
659.63
638.226
127.261
655.05
646.175
713.22
262.282
251.238
6.98046
737.293
647.868
619.326
659.415
223.395
644.831
650.356
80.8059
661.873
655.495
696.72
28.7483
684.607
613.636
654.248
640.521
699.199
24.5818
701.785
670.565
656.747
669.752
662.509
16.4616
244.267
15.6498
691.164
667.752
675.196
699.178
169.117
628.884
650.468
658.609
664.653
76.4873
641.399
622.941
14.4168
667.022
375.303
13.1084
646.347
320.631
21.3397
704.458
652.272
664.613
658.83
669.992
446.697
612.623
656.64
240.744
667.168
474.256
664.784
376.479
89.6927
708.625
686.842
473.175
101.68
658.488
681.333
667.904
92.7649
626.696
657.819
644.033
678.51
106.04
322.292
705.027
676.518
681.556
641.327
620.553
700.912
643.822
689.266
664.614
420.185
671.935
669.359
687.474
650.68
630.977
54.5356
660.632
689.462
687.469
167.557
653.554
692.282
228.737
635.187
638.776
387.121
642.173
680.732
655.414
466.693
692.139
660.165
648.532
653.123
664.684
669.374
672.087
632.412
687.099
681.46
90.0826
389.16
631.124
2.34201
634.131
669.048
664.438
689.682
246.261
648.554
655.497
665.394
661.277
654.367
311.371
663.309
699.781
636.998
685.365
657.056
679.536
691.461
668.368
272.008
654.84
643.776
705.95
678.629
650.945
637.658
678.663
41.9852
650.461
345.53
642.533
658.828
668.655
655.869
629.468
630.715
634.604
660.685
715.361
679.332
682.885
658.195
670.9
739.662
671.071
25.1838
684.926
681.089
654.319
658.945
645.756
660.68
675.996
678.457
683.922
13.2301
667.162
666.122
6.34766
687.279
687.071
630.587
714.005
657.303
91.4462
240.536
680.736
648.987
27.2131
17.4247
439.328
438.062
660.647
660.095
684.299
626.551
672.656
637.724
673.445
660.02
139.442
687.035
77.6451
292.521
661.71
423.277
661.385
687.954
643.595
640.662
686.108
618.821
672.605
682.2
327.143
650.85
683.946
682.998
626.911
643.65
69.8125
347.668
673.869
654.232
34.4501
618.73
641.831
645.758
649.407
671.914
667.701
675.588
625.361
437.992
68.2437
640.737
388.794
78.3334
673.185
655.523
22.6299
148.14
676.854
11.1428
663.423
250.959
675.453
659.061
641.936
634.827
642.367
698.31
671.246
679.024
657.823
649.175
703.509
631.509
105.021
657.846
638.705
655.42
667.208
211.367
679.897
676.204
683.667
680.113
668.178
730.158
22.4561
53.4897
195.956
636.32
686.915
602.257
67.4771
737.917
675.076
707.83
1.77307
625.095
661.44
618.063
640.603
685.587
666.676
621.309
168.899
672.554
23.6098
669.577
659.184
695.061
133.165
654.384
12.739
681.37
667.23
104.138
65.0429
626.411
31.083
658.652
396.471
651.046
468.014
666.59
660.392
661.999
272.948
178.255
145.754
60.2078
20.4864
653.04
674.629
671.833
630.624
630.437
644.814
622.824
667.932
629.324
456.922
635.587
671.448
632.997
660.769
660.085
17.875
440.702
244.245
679.824
209.037
639.75
166.701
448.513
356.048
648.895
618.876
647.52
643.224
48.5555
663.583
657.701
643.165
649.96
688.064
656.965
670.536
83.2617
669.082
653.994
677.537
670.559
678.374
658.879
652.085
681.607
643.58
632
108.026
674.438
652.292
110.607
433.055
696.821
690.287
672.371
252.858
633.503
675.491
666.536
664.639
657.674
678.501
668.269
640.402
657.12
718.267
281.37
0.298327
644.799
662.851
679.532
670.112
6.53421
330.004
688.656
159.505
669.795
187.46
664.152
93.5583
15.6648
655.274
646.007
660.107
703.182
655.223
162.771
93.1976
643.967
668.926
654.416
664.582
180.822
371.537
654.935
673.931
646.785
695.915
668.229
636.513
678.241
126.28
675.837
662.305
659.155
623.184
699.841
243.493
124.865
630.965
463.155
657.511
676.207
109.905
175.731
16.0285
684.314
632.329
644.547
66.8813
97.6008
680.226
609.585
628.664
84.8423
643.617
645.944
282.22
677.175
90.9968
0.588237
145.641
650.867
700.581
677.042
678.267
65.3448
705.391
653.294
680.606
55.1942
54.3114
606.636
220.045
153.659
689.304
459.268
648.478
667.36
439.242
3.5817
294.206
637.332
641.662
658.517
648.796
698.862
645.364
640.674
631.595
5.3044
661.595
147.514
656.912
43.2593
661.447
665.646
674.738
659.667
671.554
379.443
661.397
664.331
707.013
229.505
132.672
683.306
67.1887
698.941
670.768
697.999
373.096
659.28
111.395
634.07
60.1696
579.574
677.241
59.5733
698.533
659.054
109.183
457.491
642.572
187.631
695.353
647.753
659.145
691.139
642.62
631.902
696.433
701.271
26.1773
678.585
631.546
18.9409
655.522
650.694
0.70362
656.722
710.476
660.541
7.38423
665.943
655.554
675.093
116.554
419.302
672.109
630.324
691.079
644.486
663.858
668.234
18.0269
243.916
400.823
632.604
663.943
687.093
637.344
702.582
32.7886
681.798
515.001
2.18772
655.249
671.845
39.4718
659.16
675.596
599.198
670.712
155.734
670.44
658.857
37.7953
649.899
675.739
605.676
0.97385
636.699
40.9065
660.447
643.112
654.958
659.531
468.966
690.624
13.8883
684.938
27.1935
668.372
688.924
678.858
713.747
95.0731
684.909
648.383
110.959
683.989
676.706
680.429
653.475
180.593
100.371
295.508
634.525
661.464
242.682
651.846
680.001
649.73
691.554
674.796
342.556
626.666
91.9956
205.525
630.081
678.307
43.0857
620.942
153.527
649.148
661.574
637.665
661.743
41.4222
663.969
664.694
669.375
626.984
615.778
695.277
94.4108
354.48
650.999
622.33
669.449
455.827
671.884
79.278
690.581
620.122
86.8621
283.76
709.784
675.774
688.555
633.052
191.669
650.535
675.985
18.3958
673.234
171.411
646.179
11.3641
642.147
666.883
650.896
650.04
28.1332
687.5
655.928
64.7994
661.422
684.607
609.71
480.119
631.825
21.0692
654.223
682.271
724.805
670.385
645.155
670.307
702.26
600.053
619.776
663.988
114.943
631.35
627.561
15.5474
667.081
649.419
659.859
5.22919
670.316
477.122
379.118
711.151
630.601
698.337
668.892
647.871
690.798
662.983
352.733
668.404
127.583
658.258
274.451
3.69641
244.461
15.364
640.048
668.462
669.246
203.467
627.924
108.057
77.346
669.563
671.355
81.5658
696.769
689.833
611.929
668.45
192.774
653.211
410.328
6.22531
655.67
632.186
641.061
642.073
622.641
675.696
688.544
682.675
671.075
145.778
673.198
681.11
57.1314
646.454
329.929
353.931
634.951
9.63196
350.706
704.801
21.5916
676.682
640.264
8.62866
680.622
627.523
157.694
450.425
133.695
9.27818
96.9351
311.429
12.1706
673.112
606.145
659.76
28.2298
209.142
660.38
690.827
663.882
633.229
644.525
472.131
696.691
670.627
666.303
651.603
699.175
667.819
629.582
627.768
674.91
653.45
667.061
498.88
73.2807
407.747
657.916
19.4288
635.455
2.09034
95.5449
658.536
508.826
671.896
690.763
651.681
230.905
661.788
483.78
666.815
675.253
188.273
484.47
675.668
700.143
658.754
698.648
63.4515
1.89061
656.267
675.492
665.507
0.76775
657.935
657.028
213.15
480.296
648.915
635.169
707.945
662.122
506.667
632.456
452.827
660.595
645.557
644.165
691.22
602.45
333.594
648.374
487.468
661.752
331.072
590.677
5.9799
666.129
610.008
302.465
667.39
47.3684
445.805
639.88
631.747
647.814
188.508
647.706
347.506
673.688
658.804
671.664
696.081
692.916
708.344
699.295
654.288
658.853
671.065
634.423
630.737
672.919
613.525
664.113
635.813
374.434
674.177
660.195
665.994
623.023
227.241
47.2998
480.178
24.879
678.755
442.139
51.9305
129.84
640.769
636.923
692.38
639.486
690.362
631.906
656.292
326.883
654.77
51.4478
655.527
677.828
45.3427
103.551
665.964
686.292
644.458
654.328
600.419
636.003
355.297
636.198
19.1433
639.572
360.621
159.535
684.424
665.577
423.393
651.096
1.11432
468.601
667.581
381.33
255.975
626.458
51.4631
678.107
682.218
630.717
655.854
697.746
707.303
684.167
376.45
701.384
638.82
686.348
692.526
657.736
273.675
665.491
661.042
619.911
113.484
8.98037
671.355
657.77
657.537
604.252
660.444
726.806
174.797
697.945
668.984
649.294
4.25765
658.966
126.871
11.9038
658.315
17.1272
204.185
254.736
632.11
647.597
641.13
716.091
650.364
639.119
695.552
661.002
658.264
610.523
681.493
147.757
457.746
673.411
674.384
633.042
649.066
266.932
697.133
184.343
641.061
198.721
679.451
617.944
669.649
694.327
667.754
700.289
672.468
656.25
640.795
272.448
614.858
667.86
85.5613
66.2562
637.961
660.737
676.751
622.472
680.711
385.762
691.644
652.777
639.12
666.118
625
63.9506
168.994
30.3495
675.245
709.147
677.021
20.5757
452.267
143.74
646.67
654.706
18.6461
672.47
667.228
650.515
629.777
645.542
693.245
702.29
632.812
444.878
627.765
347.619
652.542
672.866
688.547
142.825
484.669
243.062
709.283
647.325
660.13
657.032
452.076
110.914
672.548
659.507
251.043
665.718
351.409
32.4623
634.366
428.695
660.741
665.586
651.885
708.922
636.608
641.733
656.189
655.488
9.16438
653.704
681.304
146.694
672.253
667.149
660.17
609.114
637.481
607.228
685.735
649.04
671.989
697.203
668.753
622.175
171.313
707.126
652.207
638.805
671.947
662.851
57.9357
610.401
279.861
697.908
676.918
615.399
689.854
665.17
667.395
82.0494
647.631
257.72
635.373
686.68
680.143
656.415
659.552
2.76868
703.095
681.832
649.542
638.125
676.194
344.85
655.502
695.927
645.527
661.997
657.394
679.713
667.705
186.262
644.1
459.903
652.733
659.228
688.297
665.031
672.914
602.741
611.923
213.376
9.28683
676.791
649.746
79.0575
631.752
637.078
701.761
659.062
15.7554
664.682
399.993
690.196
659.375
661.057
68.0238
671.432
641.632
684.016
633.576
680.1
659.582
710.104
654.804
635.291
693.086
169.051
681.728
471.519
676.565
128.373
685.37
651.638
652.406
698.294
206.957
692.82
664.994
642.072
675.707
657.17
687.368
662.174
31.4849
41.6131
636.903
688.526
647.595
667.729
673.677
688.402
12.3914
697.857
709.121
51.5098
651.31
403.046
650.821
358.266
675.789
679.486
352.868
626.311
461.653
712.89
682.034
2.38228
657.407
166.025
666.264
440.545
65.0078
685.947
300.188
656.914
645.877
133.51
650.335
689.212
319.608
683.83
713.249
686.267
671.388
480.424
270.813
345.205
652.98
8.21628
47.0147
485.259
655.087
651.475
648.361
639.703
21.2675
2.55294
698.629
676.229
638.457
693.102
638.274
91.8371
651.557
711.289
478.434
368.709
62.3075
680.28
649.666
236.668
635.77
646.878
661.342
181.988
670.185
684.602
502.742
404.681
17.7149
701.893
137.198
666.379
681.333
3.64363
673.55
674.905
704.325
670.742
653.772
24.535
613.778
72.6368
652.547
688.471
607.892
662.888
696.224
625.999
11.5015
665.729
5.86844
639.909
658.63
26.1348
697.698
655.17
646.948
664.906
722.871
684.688
327.555
627.02
675.044
20.8048
670.5
694.431
674.257
202.449
637.685
453.995
639.957
698.608
620.103
210.127
646.414
700.419
663.601
186.614
0.742697
667.691
660.56
31.1105
646.049
629.833
6.21115
657.867
9.11242
7.16659
659.745
439.173
61.7647
713.095
10.1917
643.56
686.682
670.692
652.834
687.178
690.387
712.876
8.42904
441.559
699.342
53.6742
451.665
630.844
718.577
671.081
596.874
669.355
55.1773
2.90718
176.266
646.441
692.793
669.191
334.027
361.155
460.096
110.212
669.084
674.079
689.813
106.277
106.025
730.365
692.242
479.497
34.0918
673.453
650.684
654.06
657.084
505.73
165.767
673.921
626.309
675.668
227.938
21.593
638.713
694.995
649.547
655.643
705.444
676.651
671.911
643.849
671.554
95.0879
646.644
182.419
682.679
634.891
669.302
35.3634
118.811
655.138
695.017
11.3275
247.751
27.8637
636.279
667.232
654.413
649.484
669.011
664.175
701.399
654.434
623.002
113.59
54.993
75.4184
628.245
653.374
127.278
652.88
327.507
637.11
615.968
693.173
670.828
325.162
683.591
185.044
650.811
656.524
487.575
658.358
662.975
659.706
684.556
8.21145
694.573
604.375
235.798
668.23
667.041
673.885
289.881
139.318
623.397
658.025
655.089
689.824
710.494
427.539
677.504
629.271
659.502
699.831
664.831
664.121
185.51
693.107
110.396
666.441
663.266
638.5
649.612
670.294
666.654
95.9439
668.284
481.495
690.437
652.558
130.25
44.3695
621.588
243.112
227.076
642.481
766.122
640.388
94.9347
672.534
650.636
697.33
398.12
611.652
676.722
643.443
619.087
643.747
693.715
142.183
649.632
621.584
679.491
643.404
672.133
635.705
633.103
9.57409
25.1186
728.489
663.277
639.693
2.08071
653.251
684.517
721.754
635.203
646.733
683.233
688.111
644.744
648.807
614.25
677.818
139.49
651.976
653.006
660.854
273.705
125.581
684.493
687.173
26.1833
651.446
107.545
673.77
654.449
669.569
74.9501
683.736
659.157
702.504
647.723
356.793
306.987
679.487
709.113
461.317
20.0444
266.999
693.685
653.397
661.91
678.957
426.054
661.027
681.395
653.352
686.007
618.994
414.412
703.689
641.172
653.31
648.702
674.696
668.715
673.818
682.541
665.967
301.332
70.0027
632.332
634.356
702.104
670.205
704.076
690.583
213.046
628.645
466.428
602.028
225.07
690.353
694.225
622.813
644.075
666.37
649.578
705.956
662.199
679.95
463.189
12.0009
670.084
681.448
672.586
612.636
196.3
710.587
626.323
15.02
626.966
421.82
706.345
695.234
620.305
633.165
666.381
653.284
446.315
676.022
688.199
431.644
654.397
5.14284
424.614
463.291
650.233
662.126
659.422
644.193
650.927
663.062
649.523
606.223
663.675
3.78155
663.058
73.6729
651.624
16.0069
664.126
702.797
692.45
455.6
641.839
711.04
647.927
0.38738
3.19283
670.004
646.569
177.592
596.947
662.804
658.5
9.76102
643.645
657.156
272.013
692.42
678.96
627.886
10.6746
703.273
685.539
677.704
248.011
639.495
689.672
674.572
54.148
689.992
108.045
499.993
692.194
643.934
670.774
702.394
637.827
661.07
691.664
668.707
96.5487
91.8382
678.844
645.262
663.174
231.994
94.5724
29.1026
18.5349
10.6387
650.938
196.205
327.807
657.433
66.9681
28.9085
349.687
635.892
35.2887
667.402
683.606
662.717
652.54
667.022
647.336
698.178
649.092
696.091
659.195
364.324
662.564
253.624
629.883
619.25
615.652
618.486
632.727
649.634
705.177
55.9773
328.749
201.2
683.724
700.13
630.996
645.169
713.268
672.396
660.085
661.473
21.7852
654.878
287.011
623.291
636.796
665.798
247.26
646.348
664.683
682.218
672.49
601.576
420.446
5.40096
27.9981
667.75
692.939
651.332
654.393
654.159
712.267
681.552
648.089
657.179
639.811
671.947
632.658
686.556
670.477
662.562
13.6511
643.705
662.143
678.071
92.274
634.984
226.912
4.02929
653.862
677.982
665.86
664.115
717.049
659.597
688.367
676.322
667.257
402.121
655.446
632.011
168.681
8.24684
225.029
673.328
671.754
51.0214
661.794
626.615
275.809
651.256
600.879
678.297
700.896
175.643
661.59
43.8557
667.303
280.014
627.148
0.946504
627.3
665.382
678.985
491.018
641.349
635.449
647.761
102.984
639.143
492.1
44.2482
189.822
32.1566
678.22
642.788
661.435
636.752
307.64
44.744
701.447
655.486
649.29
668.763
621.949
645.291
689.31
699.631
690.443
301.028
662.124
151.573
115.399
193.09
121.269
676.374
658.545
621.365
641
652.794
653.32
707.21
687.048
17.5434
643.413
110.812
694.232
8.18682
41.6607
16.4558
31.384
663.862
657.062
261.793
659.213
661.952
683.48
676.769
701.546
718.785
8.34205
683.505
653.891
133.324
684.158
661.226
646.482
621.601
77.9112
696.044
359.56
97.4167
248.641
692.275
650.928
651.989
650.426
646.692
109.968
618.735
673.525
660.615
135.235
0.415637
406.812
330.127
680.993
682.484
37.4083
637.435
639.21
677.299
8.95843
636.544
635.556
642.658
79.057
6.7514
625.394
664.039
372.718
661.753
653.454
674.367
200.545
704.032
682.844
648.601
625.89
662.971
673.817
687.33
662.186
476.142
632.636
15.8616
660.127
682.698
30.114
138.756
134.679
670.452
642.759
654.659
665.42
207.434
279.515
664.247
654.628
634.496
69.3251
677.939
713.389
19.5603
649.124
673.515
30.7004
635.213
648.346
465.01
661.457
676.445
668.087
670.413
691.451
665.196
643.274
646.127
681.838
676.396
364.706
650.221
698.672
666.965
670.677
628.385
463.215
716.535
716.68
11.2499
254.01
662.256
657.89
629.295
683.956
684.239
383.772
632.528
654.774
679.142
631.088
354.624
670.871
654.464
676.878
642.314
5.17505
223.812
607.424
72.3407
655.338
57.91
633.085
670.338
22.3851
688.871
699.672
667.572
652.982
49.2826
646.906
30.3936
646.011
12.1109
674.355
636.648
291.87
649.043
18.232
657.248
1.19136
214.303
668.48
638.333
601.693
629.14
144.67
653.266
649.444
130.466
678.532
630.843
661.897
647.206
648.021
679.034
14.8217
405.123
658.885
52.7847
684.923
662.497
622.182
634.735
697.044
666.368
673.287
663.396
663.124
682.282
655.167
641.983
473.543
664.738
706.38
643.524
658.309
702.617
13.8153
626.941
652.971
276.513
107.434
645.642
710.614
229.97
659.302
431.823
697.118
693.112
618.768
651.588
660.834
229.424
703.224
646.465
686.89
649.06
606.154
701.43
63.1091
464.476
602.076
653.302
669.572
680.199
483.55
638.873
663.108
646.513
658.394
412.869
671.958
693.301
624.121
684.667
634.12
119.832
117.391
716.657
663.858
441.864
687.341
671.28
640.947
695.551
703.778
618.613
204.053
669.756
646.148
662.8
169.161
208.431
67.2763
331.694
678.346
393.285
658.468
181.42
697.696
639.307
662.322
663.972
12.8671
656.423
626.543
647.843
692.112
135.025
672.505
640.878
704.358
654.463
653.264
213.508
644.895
200.697
692.282
619.496
627.495
634.738
679.915
714.649
675.418
673.104
671.774
687.517
682.357
702.183
663.974
241.431
682.675
646.671
665.053
642.175
355.112
688.152
637.971
666.152
644.08
653.788
677.895
695.136
427.452
69.7882
160.488
696.273
652.517
675.643
641.074
681.443
230.922
696.807
636.503
633.704
642.473
666.371
209.121
664.726
654.367
637.983
634.55
671.601
676.118
680.912
481.165
698.059
53.7067
649.273
105.811
678.484
665.503
489.76
681.52
367.793
10.9406
13.901
690.094
671.087
157.293
678.082
652.624
426.535
655.06
665.852
643.054
6.30603
658.856
615.221
654.489
669.695
681.315
629.476
448.505
430.266
691.662
86.6755
705.216
4.23493
259.469
689.095
623.009
631.621
675.275
635.194
260.842
651.02
651.54
690.206
654.58
335.737
670.782
663.514
647.67
657.16
684.982
630.052
2.71861
702.938
696.358
81.8403
459.761
11.4066
665.94
678.277
691.154
653.024
685.227
463.589
674.049
333.942
652.442
467.279
151.191
297.062
681.687
706.933
209.574
686.711
690.218
643.824
662.49
487.862
180.618
175.148
671.6
677.938
659.618
86.6899
15.3095
647.022
5.93489
76.7499
674.57
663.606
152.239
684.85
699.068
640.198
648.117
657.432
711.873
613.735
684.935
655.434
662.216
645.224
708.677
655.482
689.99
662.033
117.831
662.668
673.451
23.9447
682.513
673.068
82.1595
667.168
135.778
584.809
657.057
699.049
746.186
423.77
642.226
8.81761
23.0525
1.90995
244.674
687.775
513.223
668.754
691.616
627.71
677.873
92.7278
638.452
657.074
651.416
690.915
645.334
656.048
647.346
621.1
7.2881
650.906
623.871
443.858
672.075
449.032
255.22
641.579
638.688
632.377
695.28
657.333
28.6834
436.745
634.711
715.703
665.75
14.0429
661.23
633.932
659.728
634.121
678.868
702.973
666.623
669.835
454.191
257.096
619.482
713.176
700.518
655.411
528.835
668.722
622.709
698.883
641.002
685.605
182.957
658.189
643.875
285.813
37.6466
710.238
646.191
6.49972
665.127
19.225
659.679
18.6366
230.708
653.582
195.075
652.341
659.902
67.3469
600.052
84.2039
659.616
627.941
1.48521
668.296
713.497
707.809
634.785
681.741
665.366
605.354
176.167
661.863
676.212
655.262
128.066
188.543
637.798
505.831
697.397
656.308
677.148
652.884
652.682
625.697
624.862
661.381
663.079
698.116
674.072
251.806
700.066
654.606
655.624
629.718
623.861
57.2935
613.193
670.299
688.346
655.674
695.079
679.603
728.066
19.2815
447.527
470.029
320.631
693.546
703.08
644.722
647.596
280.664
655.568
353.023
670.568
274.069
666.821
460.719
655.814
649.143
707.232
698.559
87.8747
667.545
672.394
644.326
703.827
676.748
664.184
705.534
136.519
20.2299
155.717
424.28
292.019
651.93
42.7432
658.223
151.424
631.195
21.2881
171.671
15.4429
666.963
667.236
679.195
661.459
708.437
76.9028
679.303
643.465
493.316
406.975
668.689
638.916
659.763
642.472
627.468
670.393
211.503
642.484
101.001
699.214
5.38904
667.344
640.086
647.933
678.03
695.486
101.758
662.165
678.932
646.055
605.883
682.378
636.535
662.233
666.044
655.603
338.085
649.408
686.955
110.695
611.156
649.342
664.756
374.515
125.029
473.999
648.845
631.569
378.828
651.347
649.902
640.68
95.3984
672.758
635.26
652.094
197.07
656.662
685.147
246.861
404.953
658.638
54.098
649.936
702.828
670.663
704.321
457.85
624.413
643.184
631.589
631.018
626.226
24.3108
654.906
604.793
697.976
644.815
717.41
668.09
8.76326
6.77531
679.415
309.376
631.897
675.403
678.448
634.056
623.591
634.388
703.823
370.462
706.491
647.902
696.097
689.561
258.271
272.297
734.747
6.94922
399.947
411.76
630.671
616.374
687.291
651.489
689.008
690.695
686.003
673.38
29.2216
87.3578
636.092
656.881
677.854
711.54
710.673
699.784
326.11
691.91
664.305
13.5859
217.965
624.474
683.371
257.276
692.692
688.81
687.734
713.666
17.8217
96.6614
649.886
661.012
637.781
23.3187
646.249
0.242702
674.075
686.684
204.315
643.601
634.396
67.8972
430.655
237.813
677.139
691.039
47.7057
675.679
125.774
636.562
633.235
654.128
636.503
647.635
469.402
657.796
669.379
41.5258
272.671
101.499
658.77
690.36
633.928
715.866
651.657
652.009
175.141
639.169
607.787
660.613
39.8937
688.903
693.366
663.619
681.499
664.256
686.057
665.985
597.105
17.0666
699.946
670.755
426.276
171.444
672.826
621.171
623.785
670.968
245.089
673.356
670.259
164.127
228.491
650.204
162.374
645.79
449.465
178.174
710.899
65.1254
658.88
17.2543
649.739
23.7297
654.604
501.844
624.592
647.266
666.811
82.2773
713.27
648.474
676.454
480.962
667.941
639.955
701.248
628.95
686.713
676.124
650.773
670.207
449.088
623.335
134.771
171.758
25.9264
685.372
264.284
462.685
637.516
381.525
659.426
656.459
392.684
658.495
101.149
660.029
640.282
683.586
687.202
84.4321
634.029
663.097
692.972
682.928
672.945
667.835
636.445
647.344
260.782
314.164
695.846
233.663
649.399
713.474
699.493
652.195
660.834
229.049
669.907
138.778
670.748
160.168
658.166
69.5826
662.837
0.761224
416.389
656.651
432.85
670.928
672.986
684.457
499.314
608.275
440.19
662.137
13.3307
675.643
651.352
660.689
278.596
687.245
676.677
650.226
9.90462
116.938
669.303
672.638
658.848
10.4311
291.407
685.791
707.676
644.749
665.233
664.126
604.162
3.09181
635.517
688.399
612.858
688.733
704.089
630.882
10.0252
414.428
715.855
689.571
657.957
667.661
521.707
664.815
55.3263
640.821
668.585
645.864
4.48947
652.155
677.692
688.477
662.409
385.588
684.848
621.454
361.824
674.403
669.035
692.851
658.149
661.082
673.987
721.779
697.128
107.271
154.824
113.058
674.701
660.424
696.64
669.502
680.821
624.509
443.874
649.586
639.387
663.704
659.968
671.693
14.4197
296.893
177.427
10.8566
638.955
96.2534
664.016
458.401
0.855634
486.655
646.014
277.354
664.868
692.799
67.9895
660.217
731.835
216.848
662.178
621.067
675.203
643.995
659.529
626.611
690.894
634.738
604.441
694.877
647.331
638.503
680.148
655.975
705.043
372.512
667.277
632.411
654.933
701.387
679.19
642.884
678.756
137.351
665.057
189.172
707.095
597.393
679.588
106.247
657.154
621.092
6.96043
77.4524
709.779
88.724
495.023
473.568
354.455
634.299
655.297
649.031
81.5201
691.201
229.257
120.4
437.916
668.493
631.374
625.558
660.849
706.03
664.187
672.569
665.215
675.988
159.671
694.535
121.362
639.919
673.546
405.64
680.759
674.9
24.9064
671.385
615.109
9.15651
703.558
675.979
674.453
4.6928
669.285
675.937
663.19
210.807
624.501
706.866
684.136
17.5947
165.589
72.1025
185.554
701.228
670.754
653.791
503.135
639.672
671.286
669.195
630.264
655.332
642.918
8.96157
706.064
641.761
679.495
670.419
701.168
674.703
696.008
645.76
31.1162
685.073
620.542
453.843
725.683
651.194
661.267
692.02
4.93684
628.254
178.771
679.759
470.918
675.998
456.1
503.739
448.845
666.929
655.944
671.909
652.283
670.371
689.012
24.0179
686.127
706.682
650.889
671.684
658.952
691.519
637.69
467.375
650.515
650.234
689.529
160.949
641.121
689.781
695.713
715.584
28.9265
745.961
663.004
678.857
654.656
662.002
680.965
533.683
636.832
459.107
211.254
119.412
249.656
653.884
669.605
484.132
619.538
6.22669
709.434
705.618
676.853
21.7764
108.694
703.812
658.523
665.618
682.87
164.678
493.115
674.379
671.831
672.988
12.0964
695.912
648.065
365.798
667.429
357.973
671.722
680.188
44.6383
687.999
641.939
655.347
680.179
644.815
655.523
669.94
685.36
702.454
681.656
14.7559
136.498
637.592
719.732
703.318
666.79
666.448
692.441
668.572
669.713
36.4545
710.184
411.814
671.55
655.744
417.438
675.769
607.36
652.45
615.903
656.012
640.844
10.9009
589.973
74.8965
658.884
627.298
681.748
677.187
663.059
18.2067
672.071
632.475
675.858
8.19717
415.497
220.33
4.57587
679.332
685.434
187.226
665.655
69.8107
182.905
655.282
661.596
665.425
662.478
696.538
667.023
660.134
659.504
3.807
20.7411
658.385
295.019
635.517
659.789
618.192
146.478
677.155
639.692
637.595
372.132
383.202
655.119
719.355
647.869
700.101
663.249
630.547
97.5463
680.167
434.624
657.73
672.698
465.772
391.707
618.705
643.35
665.866
667.784
697.381
647.768
354.353
638.619
635.049
622.542
673.421
662.547
363.624
633.936
658.85
652.817
462.045
643.776
643.117
695.828
694.291
478.033
47.5247
655.635
666.282
706.366
4.71112
657.059
659.082
669.84
638.928
606.61
14.6453
605.318
421.868
168.41
728.756
614.806
659.15
667.844
24.1246
672.498
647.435
677.159
193.598
693.388
655.415
693.075
683.674
700.01
477.051
446.192
655.679
619.25
627.133
655.084
691.383
682.122
673.789
422.103
652.786
689.405
707.349
704.589
645.861
33.9052
635.431
77.881
661.385
430.956
681.269
667.795
669.197
646.569
652.28
662.676
639.858
673.408
636.102
628.556
708.818
86.3627
665.459
198.815
4.04699
671.393
454.073
669.935
629.381
639.166
629.911
10.5261
673.446
668.06
3.93107
669.201
611.268
649.573
656.445
67.6887
251.078
655.191
632.813
641.311
99.5442
661.134
97.1449
102.368
593.352
164.094
636.097
656.069
681.952
699.273
12.7296
643.029
654.778
159.037
637.13
651.179
685.026
23.6171
650.974
653.701
163.006
671.781
625.134
688.552
635.002
660.936
664.784
46.4274
32.1708
16.2279
636.155
472.177
123.356
690.92
666.403
110.407
695.346
639.595
253.19
658.243
662.51
667.486
703.638
688.346
654.131
634.825
678.985
669.956
637.933
246.04
683.183
687.574
665.222
87.5264
674.931
691.627
662.006
2.77585
666.699
179.675
623.068
627.827
46.0769
618.894
669.299
651.425
688.425
20.3079
445.087
659.426
453.5
712.247
676.622
609.398
120.713
322.007
649.819
12.0359
706.13
646.097
655.32
32.3915
628.23
6.34641
668.008
634.371
685.194
684.549
303.392
671.709
654.11
675.061
649.718
680.948
721.986
660.481
638.06
662.099
666.234
631.662
448.095
663.752
16.4239
673.712
656.07
24.2336
655.761
651.587
54.941
11.9886
669.107
0.193691
123.666
717.371
661.646
459.793
626.712
691.291
699.978
689.665
682.517
700.339
109.221
248.02
630.146
17.7922
675.975
628.52
650.304
695.739
658.943
688.102
462.383
176.104
679.453
9.84318
681.34
51.045
674.722
396.691
659.63
651.098
671.524
200.24
448.421
642.62
688.572
668.214
662.941
649.594
291.287
666.282
726.197
676.878
666.902
682.75
670.269
618.233
165.772
17.1406
686.836
305.852
667.328
654.633
698.493
596.375
688.786
665.625
654.458
677.488
656.462
661.541
82.1716
673.026
675.233
710.453
693.074
657.609
641.246
678.271
634.645
668.29
18.3583
668.422
388.476
667.213
99.5479
638.281
639.885
670.624
71.3282
673.31
660.671
636.149
669.121
408.691
673.229
627.42
193.948
652.801
653.48
660.45
27.5045
242.373
674.761
630.465
682.832
596.643
624.649
652.95
682.277
738.02
192.818
656.555
236.01
684.8
0.201592
672.597
15.8482
252.337
237.817
655.224
170.371
702.671
657.622
665.763
678.585
664.76
684.785
157.17
676.934
652.605
678.997
637.805
1.12492
658.486
673.144
629.957
234.88
640.551
697.879
637.712
679.438
671.633
296.423
692.718
0.790491
689.282
275.335
634.597
92.0349
676.034
316.401
393.666
3.95989
22.1956
42.0627
643.293
174.958
667.608
704.262
479.169
658.568
65.3362
685.021
662.844
682.538
623.232
670.667
464.245
642.315
624.162
653.291
683.854
694.856
691.251
680.289
648.878
703.233
0.777094
648.653
651.849
658.526
504.066
638.605
656.804
450.09
655.036
500.379
16.0132
507.862
296.337
381.874
688.207
634.469
628.442
688.489
691.928
683.163
681.878
74.793
643.818
137.72
462.361
721.732
65.5711
675.867
157.965
659.312
672.186
673.47
637.204
644.228
671.757
646.839
699.15
628.507
366.92
648.977
663.519
675.513
97.9369
699.966
657.033
108.223
710.319
122.176
188.232
421.005
298.658
670.121
678.328
3.49334
631.822
652.161
707.6
163.612
649.936
96.8254
45.2007
665.852
434.374
659.29
663.253
15.0723
654.187
651.973
633.35
22.5864
102.707
654.118
180.226
659.749
98.6075
618.719
627.367
636.356
286.567
682.631
23.6389
635.117
642.845
26.681
429.881
678.97
740.512
31.4571
628.345
708.367
313.268
8.81467
606.554
30.0934
682.932
694.987
26.6533
67.1233
608.586
679.235
63.7944
661.237
132.004
670.461
8.1145
663.562
634.806
148.719
311.664
633.632
360.785
628.875
652.795
746.69
647.442
651.155
210.84
629.304
656.184
438.407
102.381
6.08586
641.198
671.61
670.728
677.025
14.8032
676.983
79.6006
681.415
712.926
686.817
6.51431
169.09
643.805
498.89
680.411
322.567
666.668
654.981
658.896
655.019
33.4058
646.053
694.153
412.203
133.396
697.733
651.135
655.095
669.388
650.341
8.90615
661.289
664.741
649.786
10.5357
665.896
494.886
321.31
62.0128
646.42
641.64
664.912
686.881
672.257
272.44
635.505
8.28025
655.57
57.2329
636.902
51.6501
661.297
634.156
457.807
224.599
673.256
648.498
647.335
248.576
42.3587
120.542
692.343
675.816
629.671
4.84681
696.009
675.921
659.297
75.1114
629.834
10.0279
637.227
481.076
644.869
637.513
650.664
406.45
671.693
32.8322
236.156
677.003
694.605
4.55625
651.413
300.992
656.951
679.84
663.971
5.76183
664.293
663.944
675.764
90.4682
250.308
688.125
671.466
55.4378
42.0401
346.763
245.985
12.0221
184.339
666.91
74.3272
481.122
626.167
474.845
691.073
651.769
455.589
671.113
87.3762
118.783
702.238
666.078
609.418
658.049
661.923
667.122
651.608
660.583
5.87586
660.339
14.431
663.234
144.805
657.533
149.821
673.325
687.529
674.117
621.245
35.7719
677.24
684.99
657.85
687.937
425.366
20.1877
624.968
637.092
44.5671
481.153
674.382
665.713
667.641
352.347
668.848
630.418
664.818
486.653
639.005
637.292
632.159
666.374
449.951
643.122
661.449
652.289
641.395
486.406
639.598
667.537
190.577
659.348
667.443
657.798
662.105
305.501
677.775
655.527
681.704
498.556
677.191
653.836
169.532
0.632594
93.7119
694.181
704.013
630.293
622.785
675.329
63.0006
684.79
674.59
0.2745
475.565
6.46045
153.071
361.224
285.526
663.536
658.876
674.468
7.12873
697.088
97.5847
643.447
695.446
613.443
671.834
292.543
647.309
9.30726
143.235
0.693838
101.09
54.4085
645.822
49.1737
12.6937
694.385
680.073
656.875
636.898
385.714
676.038
234.442
665.403
654.553
467.071
459.565
644.269
665.123
664.961
634.372
137.568
50.8541
670.759
647.707
13.6321
709.598
651.519
638.442
52.7815
10.9852
377.808
641.545
665.174
640.901
670.367
652.24
701.363
470.832
634.367
136.892
692.582
8.36898
182.308
689.283
636.257
96.0993
674.773
732.02
659.766
53.8407
314.917
684.659
688.102
629.444
642.756
649.93
664.339
470.198
190.966
689.522
653.579
113.701
681.296
29.8805
408.479
649.812
659.911
680.773
684.031
663.477
44.8299
652.041
696.305
657.392
668.315
614.849
84.84
693.513
676.236
647.732
663.908
702.315
291.396
675.503
282.825
98.7045
