0	0	0
-0.612372	0.612372	0.5
-0.790457	-0.463631	-0.400278
-0.0370289	-0.653979	0.755606
0.12135	-0.55215	0.824866
-0.663034	-0.0533694	-0.746684
0.710727	0.703411	0.00895985
-0.107257	-0.690962	0.71489
0.49195	-0.199917	0.84736
-0.686252	-0.0977492	-0.720766
-0.425554	-0.788341	0.444322
0.0207005	-0.619818	0.784472
0.674903	0.0755732	0.734026
0.556646	-0.115114	0.822735
-0.439682	0.261809	-0.859148
-0.652884	-0.748374	0.116951
0.783684	0.553502	0.281913
-0.510802	0.176232	-0.841441
-0.790561	-0.471482	-0.390791
-0.789905	-0.448021	-0.418721
-0.746545	-0.239819	-0.62061
-0.489762	0.202615	-0.847986
-0.703125	-0.711001	0.00964676
0.592566	-0.0631174	0.803045
-0.738278	-0.216769	-0.638715
-0.120904	-0.697558	0.706254
0.172606	-0.513634	0.840469
-0.514949	0.170915	-0.840009
0.725392	0.686704	0.0473829
-0.606907	0.0411515	-0.793707
0.79055	0.478769	0.381852
-0.637502	-0.00847161	-0.770402
-0.711678	-0.702414	-0.0113453
-0.400532	0.304958	-0.864046
0.535413	0.786579	-0.307614
-0.0769739	-0.675635	0.733207
0.381204	-0.325351	0.86535
0.0870331	0.680831	-0.727251
0.373479	0.781518	-0.499744
-0.785974	-0.539679	-0.301648
0.772124	0.327453	0.544608
-0.155124	0.527087	-0.835534
-0.229471	-0.742909	0.628831
0.130941	-0.545155	0.828046
0.752027	0.256149	0.607324
0.0598233	0.666536	-0.743068
0.52795	-0.153987	0.835199
-0.510422	0.176718	-0.84157
-0.710689	-0.149376	-0.687465
-0.593286	0.062033	-0.802598
0.729306	0.193469	0.656264
0.790366	0.459874	0.404768
0.31166	0.768232	-0.559185
0.570141	0.780218	-0.25729
-0.0626547	-0.668059	0.741466
0.659962	0.0477693	0.749779
0.790315	0.458153	0.406814
-0.410048	-0.786761	0.461376
0.577515	0.778417	-0.246054
-0.638304	-0.756136	0.144314
0.709459	0.704722	0.00580178
0.479944	0.790538	-0.380398
-0.767237	-0.307824	-0.562665
-0.318154	0.388088	-0.864966
-0.75343	-0.64363	-0.134477
-0.783968	-0.551943	-0.284171
-0.026167	-0.647809	0.761353
-0.411057	-0.786875	0.460282
0.76618	0.303826	0.566266
0.790118	0.452704	0.413247
-0.646564	-0.0239995	-0.762482
-0.27137	-0.75685	0.594589
0.510759	-0.176287	0.841456
-0.018639	0.621096	-0.783513
-0.692289	-0.109969	-0.713192
0.781605	0.373987	0.499227
0.466264	-0.230988	0.853957
0.270324	0.756528	-0.595475
0.681468	0.729482	-0.0588042
0.175183	-0.511623	0.841162
-0.152121	-0.711909	0.685598
-0.552895	-0.783795	0.282794
0.768606	0.609207	0.195223
0.77809	0.354923	0.518271
-0.108151	-0.6914	0.714331
0.662875	0.742373	-0.0973651
0.706138	0.139295	0.694238
-0.669826	-0.0659589	-0.739583
-0.612763	0.0319588	-0.78962
0.756826	0.6369	0.146878
-0.777336	-0.581637	-0.239682
-0.0761546	-0.675207	0.733686
0.183401	-0.505161	0.843313
0.518172	0.788563	-0.33116
-0.546771	-0.784863	0.291602
-0.483343	0.210476	-0.849752
-0.0701695	-0.672061	0.737164
0.78571	0.541443	0.299165
0.469225	-0.227473	0.853278
-0.648728	-0.750702	0.124893
-0.558071	0.113127	-0.822046
-0.385355	0.32102	-0.865129
-0.782043	-0.561864	-0.269663
-0.100856	0.566774	-0.817677
-0.466374	-0.790507	0.396981
0.418682	-0.285271	0.862163
-0.040967	0.607026	-0.793626
0.787094	0.413021	0.458145
0.74792	0.243827	0.617385
0.604605	0.770255	-0.202878
-0.39697	0.30876	-0.864339
-0.324964	0.381576	-0.865331
0.435716	-0.266298	0.859789
-0.598308	0.0544129	-0.799417
0.144277	-0.535268	0.832269
-0.787162	-0.530957	-0.313786
-0.750844	-0.252544	-0.610291
-0.0871628	0.576302	-0.812575
0.572765	0.779597	-0.253316
0.709091	0.7051	0.00488828
0.296719	-0.408187	0.863331
-0.666081	-0.0589797	-0.743544
-0.0484009	0.602229	-0.796855
-0.762103	-0.289072	-0.579342
-0.788104	-0.522771	-0.324965
-0.742816	-0.66217	-0.0987712
0.596061	-0.0578336	0.800854
0.643126	0.753692	-0.135415
-0.626601	0.00967915	-0.77928
0.664209	0.741525	-0.0946924
-0.212218	-0.736574	0.642201
-0.64453	-0.0204784	-0.764304
0.789057	0.512532	0.338674
0.781193	0.371599	0.501648
-0.00112015	0.631783	-0.775145
0.596265	-0.0575242	0.800724
-0.746182	-0.238768	-0.621452
0.721634	0.691275	0.0371821
0.411748	0.786953	-0.459531
0.773328	0.332633	0.53974
-0.194784	-0.729829	0.655294
-0.090973	-0.682838	0.724884
-0.160529	0.522962	-0.837103
0.502739	0.789744	-0.351508
-0.777285	-0.581827	-0.239386
0.724809	0.182344	0.664381
0.169552	-0.516008	0.839636
-0.509767	0.177553	-0.841791
0.705913	0.138802	0.694565
-0.72637	-0.186167	-0.661611
-0.122274	0.551481	-0.825178
-0.580186	-0.777723	0.241932
-0.679293	-0.0840347	-0.72904
0.276383	0.758377	-0.590319
0.729103	0.681964	0.057733
0.39218	0.784457	-0.480439
0.53113	-0.149784	0.833946
0.312109	0.768347	-0.558775
0.777451	0.581207	0.240349
0.0402044	-0.607515	0.79329
0.422773	-0.280759	0.861648
-0.672232	-0.0704928	-0.736977
-0.627518	-0.761195	0.16372
0.378264	-0.328403	0.865487
0.758863	0.278002	0.588932
-0.682422	-0.0901539	-0.725377
0.505482	-0.182995	0.843209
-0.479102	-0.790547	0.38144
-0.64904	-0.0283177	-0.760227
-0.535115	-0.786619	0.308028
-0.779002	-0.359606	-0.513653
0.0547783	-0.598069	0.799571
0.080527	-0.58085	0.810018
0.240946	0.746933	-0.619706
0.341818	0.775374	-0.530995
0.333157	-0.37366	0.86567
0.781339	0.565165	0.264758
-0.765849	-0.302589	-0.567376
0.67266	0.735888	-0.0774378
-0.533952	-0.786776	0.309645
0.58838	-0.0693911	0.805602
0.283461	0.76048	-0.584226
0.123267	0.69868	-0.704735
-0.736413	-0.671903	-0.0790081
-0.634115	-0.00277234	-0.773234
-0.571207	-0.779968	0.255679
0.496454	0.790073	-0.359608
0.786589	0.53534	0.307716
-0.14109	0.537648	-0.831281
-0.0499403	-0.661157	0.748584
-0.479712	-0.790541	0.380686
-0.362607	-0.77957	0.510673
-0.782867	-0.557791	-0.27566
0.149075	-0.531665	0.833732
-0.0185405	-0.643406	0.765301
0.157496	0.714276	-0.681913
0.590421	-0.0663395	0.804364
-0.155072	0.527126	-0.835518
0.0244053	-0.617511	0.786184
-0.0917212	0.573152	-0.8143
0.233619	-0.464039	0.854453
0.77925	0.574192	0.251143
-0.785127	-0.54516	-0.293898
0.212664	-0.481545	0.850228
0.307942	-0.397738	0.864278
0.124258	-0.55004	0.825843
-0.685875	-0.0969966	-0.721226
0.703097	0.132688	0.698605
-0.55486	0.117599	-0.82359
-0.100084	0.567316	-0.817395
0.26213	0.753956	-0.602361
-0.677652	-0.0808543	-0.730925
0.206506	0.734401	-0.646537
-0.626213	-0.76177	0.166024
-0.741722	-0.226165	-0.631425
-0.511688	0.1751	-0.84114
-0.630381	0.00344834	-0.776279
0.448765	-0.251424	0.857552
-0.788183	-0.522011	-0.325993
0.11777	-0.554736	0.823649
-0.479003	0.215744	-0.850888
-0.787087	-0.412956	-0.458216
-0.226322	0.470192	-0.853052
-0.187134	0.502201	-0.84426
-0.731285	-0.679067	-0.0639541
-0.448823	0.251357	-0.857542
0.27432	-0.428568	0.860859
0.652966	0.0352317	0.756567
0.313002	-0.392974	0.86464
0.0621237	0.667774	-0.741767
0.327777	0.772201	-0.544305
0.30977	-0.396021	0.864413
0.715793	0.16098	0.679504
-0.124158	-0.699102	0.70416
-0.051768	0.600037	-0.798295
-0.422199	-0.788033	0.448053
-0.498515	0.191756	-0.845406
0.7286	0.191698	0.657567
-0.67176	-0.0695995	-0.737492
0.59849	-0.054135	0.799299
-0.389207	-0.784025	0.483552
-0.383964	-0.783231	0.489
0.0695421	0.671729	-0.737525
-0.781678	-0.37442	-0.498788
-0.779246	-0.360888	-0.512382
0.790389	0.460729	0.403749
0.110739	0.692663	-0.712709
-0.573858	-0.779332	0.251653
-0.788565	-0.518152	-0.331186
-0.771168	-0.601957	-0.20724
0.191593	0.728557	-0.657645
0.789901	0.499945	0.355122
-0.680082	-0.0855705	-0.728125
0.588079	0.775534	-0.229585
0.176733	0.722489	-0.668412
0.124965	0.699483	-0.703638
0.0685298	-0.588957	0.805254
-0.788848	-0.431599	-0.437539
-0.624222	0.0135665	-0.781129
-0.548673	-0.784542	0.28888
0.447647	-0.252711	0.857759
-0.789138	-0.511527	-0.340003
0.199889	-0.491972	0.847353
0.696111	0.117874	0.708192
0.78246	0.55983	0.272665
-0.75091	-0.648349	-0.125611
-0.415652	0.288595	-0.862523
0.576508	-0.0868638	0.812461
-0.438573	0.263067	-0.859331
0.790253	0.492056	0.365215
-0.508573	-0.789361	0.343893
-0.765138	-0.618209	-0.179951
-0.754874	-0.640823	-0.139682
0.515142	0.788838	-0.335207
-0.40434	0.300872	-0.863704
0.121108	0.697655	-0.706123
-0.790446	-0.463111	-0.400902
0.363542	0.779744	-0.509741
-0.542097	0.135094	-0.829386
0.782764	0.558314	0.274893
-0.634423	-0.758019	0.151374
0.778267	0.578101	0.245152
-0.600822	0.0505644	-0.797782
-0.626978	0.00906043	-0.778984
0.444426	-0.256403	0.858337
-0.785114	-0.396897	-0.475467
-0.653421	-0.0360381	-0.756136
-0.704098	-0.134852	-0.697181
0.551143	0.784111	-0.285326
-0.300478	0.404706	-0.86367
-0.76187	-0.28826	-0.580052
0.0342364	-0.61132	0.790642
0.641242	0.0148303	0.767195
-0.422219	0.281372	-0.86172
-0.552229	0.121241	-0.824829
-0.185646	0.503383	-0.843885
0.137551	0.70534	-0.695396
0.0629021	0.668192	-0.741325
0.363857	0.779803	-0.509427
-0.0320776	-0.651181	0.758244
-0.259531	0.441686	-0.858812
0.437398	-0.264398	0.859521
-0.337403	0.369522	-0.865802
0.165326	0.717667	-0.676477
0.181597	-0.506586	0.842848
-0.389047	-0.784002	0.483719
0.607625	0.769182	-0.197866
0.748736	0.246232	0.615439
-0.314588	-0.768979	0.556513
-0.420057	-0.787826	0.450424
0.596276	-0.057507	0.800717
0.642892	0.753813	-0.13585
0.223013	-0.472962	0.852392
0.752501	0.645395	0.131178
0.0789664	-0.581913	0.809408
0.242651	-0.456337	0.856082
0.134471	-0.542557	0.829186
-0.789738	-0.502843	-0.351374
-0.246104	0.453367	-0.856674
-0.414448	-0.787249	0.456587
-0.361544	0.345517	-0.86597
0.754796	0.640977	0.139399
-0.260723	0.440639	-0.858989
0.0802717	0.67735	-0.731268
-0.410826	0.293859	-0.863058
0.578564	-0.0838701	0.811313
0.214393	-0.480119	0.8506
-0.643278	-0.0183199	-0.765414
0.375064	-0.33171	0.865618
-0.330302	0.376429	-0.865565
-0.775309	-0.341521	-0.53128
-0.583553	0.0765512	-0.808459
-0.501314	-0.789826	0.353353
-0.789198	-0.436282	-0.432233
0.748003	0.653533	0.115701
0.336163	0.774128	-0.536396
0.732636	0.201933	0.649975
-0.62966	-0.760233	0.159918
0.504694	-0.183991	0.843464
0.716878	0.163489	0.677759
-0.428262	-0.788576	0.441293
-0.0395007	-0.655366	0.754278
-0.673843	-0.735061	0.0749756
0.130627	-0.545386	0.827944
0.745454	0.236677	0.623123
0.744667	0.23443	0.624911
-0.161411	0.522286	-0.837355
-0.631546	0.00151418	-0.775337
0.615598	-0.0274598	0.787582
-0.354968	0.352138	-0.866024
0.229423	0.742892	-0.628869
-0.77999	-0.364872	-0.508413
0.413456	-0.290995	0.862772
0.211853	0.736436	-0.64248
-0.480056	0.21447	-0.850617
0.702908	0.132281	0.698872
0.790284	0.491165	0.366344
0.0849611	0.679769	-0.728488
0.0691518	0.671522	-0.73775
0.751599	0.647081	0.128008
0.21838	-0.476819	0.851442
-0.271691	-0.756949	0.594317
-0.226018	0.470447	-0.852992
-0.211886	0.482185	-0.85006
-0.530101	0.151147	-0.834355
-0.588808	0.0687524	-0.805344
-0.227341	-0.742146	0.630505
0.781852	0.375446	0.497744
0.0722225	-0.586477	0.806739
0.516638	-0.168739	0.839412
-0.784483	-0.392364	-0.480246
0.776762	0.583745	0.236395
-0.614324	-0.766675	0.186591
0.689819	0.72285	-0.0404544
0.0538642	0.663304	-0.746409
-0.601729	-0.771245	0.207614
-0.441638	-0.789551	0.426104
0.773833	0.334854	0.537638
0.212258	0.736588	-0.642171
0.289115	0.762115	-0.579304
0.581987	-0.0788568	0.809365
0.0711021	-0.587231	0.80629
0.730242	0.680463	0.0609659
-0.0326257	0.612341	-0.78992
-0.0283761	-0.649074	0.760196
0.779187	0.360578	0.512689
-0.207801	0.485536	-0.849161
-0.130279	0.545641	-0.82783
0.789844	0.500986	0.353778
-0.367095	-0.780395	0.506187
0.728956	0.19259	0.656911
0.00624972	0.636186	-0.771511
-0.291615	0.412887	-0.862835
0.285215	0.760991	-0.582705
0.776933	0.349198	0.523867
0.127569	0.700709	-0.70195
-0.395162	-0.784876	0.477301
-0.200093	0.491807	-0.847401
0.0435604	-0.605358	0.79476
-0.514791	-0.788868	0.335674
-0.780584	-0.568553	-0.259684
-0.568235	0.0987744	-0.816916
-0.708246	-0.70596	-0.00280052
0.153279	-0.528487	0.834989
0.299802	0.765096	-0.569866
0.664072	0.741612	-0.0949667
0.766361	0.615129	0.185221
-0.789837	-0.446683	-0.420276
-0.287518	0.416636	-0.862408
-0.55183	0.121792	-0.825015
-0.69336	-0.112172	-0.711807
0.186326	0.726434	-0.661495
0.790564	0.471973	0.390193
0.776987	0.349461	0.52361
-0.731483	-0.198979	-0.652181
0.567824	-0.099361	0.817131
0.615543	0.766199	-0.184515
0.760334	0.282964	0.584657
0.630197	0.759989	-0.158961
0.76336	0.622515	0.172499
0.748556	0.652567	0.117562
0.441734	-0.259476	0.858803
0.503611	0.789692	-0.350375
-0.62361	-0.762896	0.170589
-0.518366	-0.788544	0.3309
-0.55604	-0.783207	0.278222
-0.775518	-0.342484	-0.530355
0.761859	0.288221	0.580086
-0.722028	-0.175626	-0.669202
0.421641	0.78798	-0.448672
-0.593732	0.0613593	-0.80232
0.651539	0.0327077	0.75791
-0.650402	-0.030706	-0.758969
-0.0155841	-0.641683	0.766812
0.434658	0.789081	-0.434078
-0.0421296	0.606279	-0.794135
-0.109582	-0.692099	0.713435
-0.3635	0.343536	-0.865939
0.69449	0.114506	0.710332
0.671938	0.736389	-0.0789365
-0.121998	0.551681	-0.825085
-0.531396	-0.787106	0.31318
0.294278	0.763573	-0.574766
0.755609	0.267368	0.597971
0.445135	0.789754	-0.422071
0.551334	0.784077	-0.285051
0.72919	0.681851	0.0579788
0.0682538	-0.589142	0.805142
0.789842	0.501032	0.353718
-0.749979	-0.249937	-0.612424
0.519519	-0.16501	0.838374
-0.312478	0.393469	-0.864604
0.154858	0.713118	-0.683726
0.612647	-0.0321422	0.789703
-0.604776	0.0444647	-0.795154
-0.0450051	0.604427	-0.795388
-0.431439	0.271109	-0.860442
-0.743959	-0.232422	-0.626502
0.339362	-0.367604	0.865853
-0.387434	0.318841	-0.865006
-0.729284	-0.681727	-0.0582457
-0.138761	-0.705894	0.694593
-0.599702	0.0522817	-0.798514
0.643509	0.753493	-0.134702
-0.681855	-0.0890389	-0.726048
-0.606765	-0.769491	0.199298
-0.634072	-0.00270032	-0.773269
0.218807	0.739033	-0.637145
0.10298	-0.565279	0.818447
-0.664424	-0.0559219	-0.74526
0.34832	0.776752	-0.524719
0.738513	0.217402	0.638228
-0.730862	-0.197398	-0.653357
0.575368	0.778959	-0.249347
0.601908	-0.0488939	0.797067
0.733105	0.676584	0.0692239
-0.71512	-0.698712	-0.0200955
-0.523418	-0.788036	0.324089
-0.24055	0.458138	-0.855714
-0.0952399	-0.684993	0.722297
-0.583353	-0.77687	0.237009
0.0386772	0.654905	-0.754721
0.562551	-0.106838	0.819831
-0.389739	0.316417	-0.864861
-0.460167	0.238173	-0.855289
-0.436405	-0.789207	0.432092
0.139984	-0.538472	0.830935
0.526978	-0.155267	0.835576
0.220553	-0.475013	0.851891
-0.0767455	0.583421	-0.808536
0.788366	0.52021	0.328422
-0.623062	-0.763129	0.171546
0.250338	-0.449707	0.857377
-0.00964707	0.62662	-0.779265
-0.0547831	0.598065	-0.799573
0.670664	0.737263	-0.0815665
0.775002	0.589894	0.22671
-0.783651	-0.386705	-0.486158
-0.348902	-0.776872	0.524154
-0.655841	-0.74666	0.11123
0.449927	-0.250084	0.857335
-0.506362	0.181881	-0.842922
0.000833831	0.632955	-0.774188
0.185382	-0.503592	0.843818
0.594537	-0.0601432	0.801816
0.310817	-0.395035	0.864488
-0.675376	-0.076477	-0.733498
0.174714	0.721646	-0.669852
-0.443222	0.257779	-0.858548
0.333555	-0.373272	0.865684
0.790569	0.473902	0.387836
0.537725	-0.140987	0.831249
-0.534972	0.144672	-0.832391
0.615969	0.766031	-0.183789
0.581193	0.777455	-0.24037
-0.715656	-0.160665	-0.679723
-0.519714	-0.788414	0.32909
0.748333	0.652957	0.116811
-0.78468	-0.547865	-0.290038
0.783381	0.384931	0.487999
0.7568	0.636953	0.146783
0.0346176	-0.611078	0.790813
-0.152951	-0.712277	0.685031
-0.777701	-0.580268	-0.241805
0.383877	0.783217	-0.48909
-0.718864	-0.694511	-0.0298259
-0.790189	-0.493719	-0.3631
0.41275	0.787064	-0.45844
-0.305697	-0.766678	0.564584
0.679806	0.730734	-0.062374
0.0489791	-0.601853	0.797103
-0.163938	-0.717071	0.677446
0.751889	0.646542	0.129023
-0.0523816	0.599637	-0.798556
0.035287	-0.610653	0.791112
0.438588	-0.26305	0.859328
-0.410781	0.293906	-0.863063
-0.669554	-0.0654492	-0.739874
-0.527	0.155238	-0.835567
0.0855505	0.680072	-0.728137
-0.000283791	0.632285	-0.774736
0.720889	0.692156	0.0351903
0.787484	0.416669	0.454154
-0.670816	-0.0678207	-0.738516
0.728104	0.683264	0.0549176
-0.667091	-0.0608534	-0.742487
0.215566	-0.479151	0.85085
-0.193599	-0.729358	0.656168
0.212151	0.736548	-0.642253
-0.716236	-0.162002	-0.678794
-0.11608	-0.695249	0.709334
0.676836	0.0792809	0.731852
-0.689734	-0.10476	-0.716444
0.77686	0.583388	0.236954
-0.504547	0.184177	-0.843511
0.029595	0.649769	-0.759555
-0.302792	0.402553	-0.863868
-0.240606	0.458089	-0.855724
0.487738	0.790389	-0.370671
-0.294343	0.410379	-0.863105
0.39437	0.784766	-0.478136
-0.421382	0.282297	-0.861827
-0.344207	0.362838	-0.86595
-0.0976088	0.569051	-0.816488
0.703873	0.134365	0.697502
0.706223	0.139482	0.694114
0.333089	-0.373726	0.865668
0.790556	0.478058	0.38273
-0.532266	0.148276	-0.833491
0.237016	0.745573	-0.622852
-0.778503	-0.57718	-0.24657
-0.115946	-0.695184	0.709419
0.457067	0.79028	-0.408101
-0.71941	-0.169409	-0.67361
0.719156	0.168812	0.674031
0.788445	0.426731	0.443007
0.724888	0.687329	0.0460003
0.748426	0.245316	0.616181
-0.720344	-0.692796	-0.0337392
0.657051	0.0425175	0.752646
0.444358	0.789711	-0.422969
0.720078	0.170987	0.672496
-0.772687	-0.329855	-0.542357
0.202298	0.732777	-0.649702
0.782022	0.376462	0.496707
-0.718707	-0.694691	-0.0294137
0.235765	-0.462218	0.854851
-0.776095	-0.586127	-0.232662
0.161153	-0.522484	0.837281
-0.340974	0.366022	-0.86589
0.502423	-0.186854	0.84419
-0.0430018	0.605718	-0.794516
0.271091	0.756764	-0.594826
-0.778719	-0.576328	-0.247877
-0.229538	-0.742933	0.628778
-0.0244492	-0.646823	0.762249
-0.451146	-0.790052	0.415073
-0.373425	-0.781509	0.499798
-0.481147	0.213147	-0.850333
-0.382687	0.323807	-0.865274
-0.30745	0.3982	-0.864241
0.788676	0.429465	0.439942
-0.604329	0.0451574	-0.795454
0.209802	-0.483897	0.849604
0.340113	-0.366867	0.86587
0.0396493	0.655449	-0.754198
0.287644	0.761693	-0.580589
0.153482	-0.528333	0.835049
-0.330097	-0.772743	0.542128
0.354599	-0.352507	0.866024
-0.543438	0.133276	-0.828802
0.61592	0.766051	-0.183872
0.43788	0.789309	-0.43041
0.637201	0.00796302	0.770656
0.0664042	0.670063	-0.739328
0.0362129	0.653519	-0.756043
0.277732	0.758782	-0.589164
-0.59312	-0.774027	0.221564
0.733182	0.676477	0.0694489
0.669422	0.738105	-0.0841193
0.526593	-0.155772	0.835724
0.779183	0.360558	0.51271
-0.654514	-0.0379808	-0.755096
0.532382	0.786981	-0.311818
0.143988	0.70827	-0.691101
-0.411951	0.292634	-0.862938
-0.281761	-0.75998	0.585697
0.61433	0.766672	-0.186581
0.714939	0.698911	0.0196299
0.693449	0.112354	0.711692
-0.514477	0.171523	-0.840175
-0.458956	0.239593	-0.855544
0.198288	0.731212	-0.652695
-0.569029	0.0976408	-0.8165
-0.641081	-0.0145541	-0.767335
0.573432	0.779435	-0.252302
0.370313	0.780968	-0.502948
-0.410494	0.294219	-0.863093
0.471411	-0.224868	0.852764
0.668587	0.0636392	0.740906
0.578599	0.778138	-0.244385
-0.581195	-0.777455	0.240368
0.644215	0.0199346	0.764584
0.177623	0.722859	-0.667776
-0.595792	-0.773192	0.21727
0.419488	0.78777	-0.451051
0.773382	0.332869	0.539516
-0.242196	0.456727	-0.856003
-0.777033	-0.582755	-0.237941
-0.414369	0.289998	-0.86267
-0.55526	-0.783355	0.279358
-0.205661	0.487283	-0.84868
-0.423274	0.280205	-0.861582
0.72157	0.174532	0.669982
-0.714681	-0.699194	-0.0189677
-0.257617	-0.752505	0.606111
-0.082341	0.579611	-0.810722
0.772434	0.328772	0.543373
0.0176127	-0.621731	0.783033
-0.621594	0.0178339	-0.783136
-0.412625	-0.787051	0.458576
-0.351223	-0.777348	0.521894
-0.266199	-0.755243	0.598954
0.561827	0.78205	-0.269718
-0.0604987	0.594302	-0.801963
-0.725089	-0.68708	-0.0465504
-0.475598	0.219851	-0.851747
-0.434257	-0.789051	0.434532
0.741388	0.664423	0.0942634
0.450674	-0.249222	0.857194
-0.164172	-0.717172	0.677283
0.71977	0.170259	0.673011
0.693728	0.719543	-0.0316166
0.789715	0.50323	0.350871
-0.740731	-0.223433	-0.633558
0.466274	-0.230976	0.853954
0.13251	0.703014	-0.698722
0.316776	-0.389398	0.864883
0.55164	-0.122054	0.825104
-0.170447	-0.719849	0.672878
-0.466486	-0.790509	0.396845
0.708506	0.705697	0.0034403
0.388724	0.783954	-0.484056
0.776066	0.345051	0.527883
0.219057	0.739126	-0.636952
-0.707326	-0.141904	-0.692498
0.689744	0.722912	-0.0406224
-0.471099	0.225241	-0.852838
-0.575197	0.0887653	-0.813185
0.493974	0.790179	-0.362776
0.154246	-0.527753	0.835275
0.621218	0.763904	-0.174753
-0.306693	0.398909	-0.864182
0.614037	-0.0299407	0.788709
0.187341	-0.502037	0.844312
-0.352508	-0.777608	0.520638
-0.707986	-0.143359	-0.691523
0.575158	0.779012	-0.249669
-0.7702	-0.319477	-0.552021
0.679509	0.0844542	0.72879
-0.754598	-0.641365	-0.138682
-0.753515	-0.260753	-0.603509
-0.604236	0.0453005	-0.795517
-0.485415	0.207948	-0.849194
0.0185016	0.643383	-0.765321
0.57806	0.778278	-0.245215
-0.537619	-0.786272	0.304536
-0.214638	0.479917	-0.850653
-0.753339	-0.260204	-0.603965
0.444678	-0.256115	0.858293
-0.778014	-0.35454	-0.518648
-0.43694	-0.789244	0.431482
-0.158214	-0.714589	0.681418
-0.761698	-0.287661	-0.580575
-0.692179	-0.109745	-0.713333
0.774287	0.336871	0.535722
0.160203	0.715455	-0.680043
-0.78725	-0.414452	-0.456582
0.11182	0.693189	-0.712029
-0.790559	-0.477633	-0.383255
-0.789293	-0.437657	-0.430665
-0.669923	-0.737767	0.0830915
0.125684	-0.549001	0.826318
0.612963	0.767199	-0.1889
-0.0282196	-0.648984	0.760278
-0.781922	-0.562441	-0.268809
-0.785104	-0.396821	-0.475547
0.0355961	0.653172	-0.756373
-0.330401	-0.772814	0.541843
0.649181	0.750453	-0.124033
-0.314427	-0.768938	0.55666
-0.745332	-0.236327	-0.623402
-0.0866174	-0.680618	0.7275
-0.694385	-0.114289	-0.71047
-0.547188	0.128168	-0.827139
0.47314	0.790568	-0.388768
0.410134	-0.294609	0.863131
0.725131	0.687028	0.0466656
0.32114	0.770608	-0.550484
-0.130892	-0.702262	0.699782
0.401565	-0.303852	0.863956
0.78536	0.5437	0.295972
-0.545376	0.130641	-0.827948
0.756838	0.636875	0.146925
-0.171679	-0.72037	0.672007
0.621108	-0.0186204	0.783504
0.331427	0.773051	-0.540877
-0.693324	-0.719891	0.0325385
0.511414	-0.175449	0.841233
-0.686744	-0.0987338	-0.720163
-0.652295	-0.0340443	-0.7572
0.360225	0.77912	-0.513039
0.159226	-0.523959	0.836728
-0.759442	-0.279941	-0.587266
0.510523	0.789216	-0.341327
0.706838	0.707375	-0.0006585
-0.633917	-0.75826	0.152288
0.770259	0.319717	0.551799
0.0537263	0.663229	-0.746485
0.0597786	-0.594778	0.801664
0.679697	0.0848198	0.728573
-0.277943	0.425314	-0.86131
0.648698	0.0277186	0.760541
-0.278818	0.424526	-0.861417
-0.713486	-0.155694	-0.683152
-0.463182	-0.790448	0.400817
-0.651058	-0.0318612	-0.758359
0.648618	0.0275793	0.760614
0.383284	0.783125	-0.489702
0.644591	0.0205837	0.76425
0.401976	0.785783	-0.470065
-0.0491874	-0.660743	0.748999
-0.419705	-0.787792	0.450812
-0.613161	-0.767123	0.188564
-0.63791	-0.009161	-0.770057
0.73113	0.19808	0.65285
-0.513549	0.172714	-0.840498
0.785285	0.544177	0.295295
0.784524	0.548778	0.288729
-0.232909	-0.744131	0.626117
-0.582831	-0.777013	0.237823
0.531501	0.787093	-0.313035
0.701309	0.71272	-0.0139758
0.487322	-0.205614	0.84867
-0.287275	0.416857	-0.862382
0.789491	0.506713	0.346331
0.786132	0.404765	0.467078
0.466142	0.790504	-0.397261
0.70896	0.705234	0.00456351
-0.778309	-0.577936	-0.245406
-0.761829	-0.288116	-0.580177
-0.597795	-0.772549	0.21403
-0.0774939	0.582913	-0.80883
0.777718	0.353059	0.520099
0.72188	0.690983	0.0378399
0.735038	0.673875	0.0749087
0.562618	0.781885	-0.268546
-0.734144	-0.205836	-0.647043
-0.777797	-0.579906	-0.242365
-0.603416	-0.770668	0.204841
-0.681578	-0.729398	0.0585676
-0.247017	-0.749	0.614801
-0.501211	-0.789832	0.353487
-0.748552	-0.245688	-0.61588
0.447603	0.789884	-0.419207
0.776492	0.584716	0.234877
-0.010727	-0.638834	0.76927
-0.749577	-0.650759	-0.121026
0.767991	0.610867	0.192437
0.784243	0.550397	0.286402
0.714085	0.699842	0.0174442
0.728192	0.190681	0.658314
0.286176	0.76127	-0.581869
0.728145	0.68321	0.0550344
-0.434928	0.267188	-0.859912
-0.00532938	-0.635639	0.771968
-0.76131	-0.286316	-0.581747
-0.0552486	0.59776	-0.799769
-0.228325	-0.742499	0.629732
0.713489	0.155702	0.683147
0.439891	0.789441	-0.42811
-0.790228	-0.455557	-0.409887
0.341518	0.775309	-0.531283
0.37325	-0.333578	0.865685
0.25699	0.752301	-0.606629
0.42722	0.788487	-0.44246
-0.714842	-0.699018	-0.0193808
-0.548529	0.126332	-0.826533
0.0921547	0.683437	-0.72417
0.788386	0.520001	0.328704
-0.551405	0.122378	-0.825213
-0.790518	-0.467082	-0.396127
0.670868	0.737124	-0.0811469
-0.561562	-0.782106	0.27011
-0.779207	-0.36068	-0.512588
0.411764	-0.292838	0.862958
0.428309	0.78858	-0.441241
-0.241344	0.457458	-0.855854
-0.748558	-0.652564	-0.117568
-0.578205	-0.77824	0.244992
0.588057	-0.0698727	0.805796
0.642749	0.0174118	0.765879
-0.211463	-0.736288	0.642778
-0.155873	-0.713564	0.68303
0.34498	0.776051	-0.527952
-0.652899	-0.0351124	-0.756631
0.262109	0.753949	-0.602379
0.653345	0.0359028	0.756209
-0.662788	-0.0529177	-0.746935
-0.120945	-0.697578	0.706228
0.377162	-0.329544	0.865534
0.358935	0.778873	-0.514318
-0.105369	-0.690034	0.716066
-0.676602	-0.0788305	-0.732117
-0.237667	-0.745799	0.622332
0.710608	0.149195	0.687588
0.48962	0.790334	-0.368299
0.241132	-0.457639	0.855816
0.00600251	-0.628836	0.777515
0.710661	0.70348	0.00879432
-0.657097	-0.745916	0.10878
-0.140881	-0.706861	0.693181
-0.641314	-0.0149523	-0.767133
0.694516	0.114561	0.710298
0.68886	0.723642	-0.0425987
-0.750404	-0.251213	-0.611381
0.298058	-0.406949	0.863454
0.400052	-0.305472	0.864087
-0.744844	-0.234933	-0.624511
0.788022	0.523548	0.323913
0.705494	0.137888	0.695173
0.432769	0.788939	-0.436217
0.208199	-0.48521	0.849249
0.49318	0.790211	-0.363786
0.166669	-0.518239	0.838838
-0.628939	-0.760559	0.161201
-0.67118	-0.0685063	-0.738122
0.664868	0.0567386	0.744803
0.187105	0.72675	-0.660928
-0.673043	-0.735622	0.0766433
-0.443036	0.257992	-0.85858
0.322234	-0.384194	0.865194
-0.30458	-0.766381	0.565589
0.3774	0.782178	-0.49575
0.762267	0.28965	0.578836
0.145203	0.708818	-0.690285
0.425675	-0.277542	0.861261
0.64576	0.0226044	0.763206
-0.694875	-0.115305	-0.709826
-0.113272	0.557967	-0.822096
-0.37807	0.328604	-0.865495
0.485945	-0.2073	0.849049
-0.679644	-0.730856	0.062721
0.786769	0.410123	0.461296
-0.771318	-0.324069	-0.547766
0.786217	0.405457	0.466334
0.72707	0.684589	0.0520291
0.734168	0.675103	0.07234
-0.223602	-0.740792	0.633426
0.582801	0.777021	-0.23787
-0.77167	-0.32554	-0.546396
-0.713215	-0.155079	-0.683575
-0.109408	-0.692014	0.713545
-0.790472	-0.484209	-0.375095
0.78852	0.4276	0.442035
-0.775492	-0.588224	-0.229357
-0.290524	0.413887	-0.862724
0.718105	0.695378	0.0278347
0.790412	0.461646	0.402655
-0.426268	-0.788404	0.443525
0.778678	0.576488	0.247631
-0.496693	0.19403	-0.84596
0.494375	0.790163	-0.362264
0.744655	0.234396	0.624938
0.332126	-0.374661	0.865634
-0.413613	0.290823	-0.862755
0.492652	0.790231	-0.364458
0.0921201	-0.572875	0.81445
0.677815	0.732208	-0.0666186
-0.189832	0.500053	-0.844933
0.461852	0.790417	-0.402409
-0.591912	-0.774396	0.223497
0.635749	0.757384	-0.148971
-0.595411	0.0588189	-0.801265
-0.707124	-0.14146	-0.692795
0.718098	0.166332	0.675773
-0.789391	-0.508148	-0.344452
0.395967	0.784987	-0.47645
0.654633	0.0381934	0.754981
0.103677	0.6892	-0.717116
-0.700846	-0.713154	0.0150743
-0.55771	-0.782883	0.275779
0.76301	0.623341	0.171059
0.0684594	0.671155	-0.738149
0.24766	0.749217	-0.614279
-0.547287	-0.784777	0.290864
0.593234	-0.0621113	0.802631
0.762181	0.289346	0.579102
0.771613	0.600636	0.209403
0.743027	0.229799	0.628573
-0.769676	-0.317365	-0.553965
0.438016	-0.263699	0.859421
-0.705032	-0.13688	-0.695841
-0.268553	-0.755979	0.596972
-0.171533	0.514469	-0.840177
-0.0900445	-0.682366	0.725443
0.131021	-0.545097	0.828072
-0.786866	-0.410976	-0.460369
-0.132488	0.544019	-0.828547
0.634078	0.758183	-0.151997
-0.730587	-0.196701	-0.653874
0.0371084	0.654023	-0.755564
-0.786133	-0.538588	-0.303179
-0.530908	-0.787168	0.313853
0.786359	0.537002	0.305399
-0.761618	-0.626559	-0.165414
-0.240179	-0.74667	0.620321
0.682749	0.0907974	0.72499
-0.462501	0.235432	-0.854789
-0.239307	0.4592	-0.855493
-0.734979	-0.673959	-0.0747333
-0.486737	-0.790415	0.371928
-0.442381	0.258739	-0.858693
-0.78944	-0.507455	-0.34536
0.764363	0.620108	0.176676
0.544295	-0.132112	0.828426
-0.251676	0.448546	-0.857593
-0.234252	0.463502	-0.854571
-0.586342	-0.776034	0.232323
-0.786871	-0.533227	-0.310649
0.68098	0.729852	-0.0598554
0.208746	-0.484762	0.849371
-0.66683	-0.739827	0.0894032
0.623108	0.763109	-0.171466
-0.551726	-0.784007	0.284485
0.637745	0.00888209	0.770196
-0.715114	-0.159418	-0.680586
-0.380484	-0.782681	0.492588
-0.601054	-0.771473	0.20872
0.643512	0.753491	-0.134697
-0.773387	-0.332891	-0.539496
0.715069	0.698769	0.0199633
-0.615159	-0.76635	0.18517
0.673771	0.0734146	0.735284
0.644872	0.0210678	0.764
0.380044	0.78261	-0.49304
0.717733	0.165479	0.67637
0.787872	0.524921	0.322049
0.0953604	-0.570621	0.815658
0.778399	0.356492	0.516728
-0.686512	-0.0982687	-0.720448
-0.74504	-0.235491	-0.624067
0.777819	0.579821	0.242497
-0.742959	-0.22961	-0.628722
-0.56576	-0.781209	0.26387
-0.790522	-0.467397	-0.395745
0.665776	0.740516	-0.0915377
-0.615162	0.028154	-0.787898
-0.310196	0.39562	-0.864444
0.0935702	0.684152	-0.723312
-0.464441	-0.790474	0.399307
-0.626221	0.0103012	-0.779577
0.771933	0.599674	0.210973
-0.657814	-0.745487	0.107377
0.774871	0.339512	0.533204
-0.676902	-0.732874	0.0685509
0.58271	0.777045	-0.238011
0.38907	-0.317121	0.864904
-0.00456504	-0.635184	0.772347
0.27742	-0.425785	0.861246
0.677086	0.0797621	0.731569
-0.569708	0.0966697	-0.816142
-0.783154	-0.383468	-0.489513
0.680616	0.0866119	0.727503
-0.62091	-0.764032	0.175288
0.0510288	-0.600519	0.79798
-0.775856	-0.344063	-0.528836
-0.609345	0.0373407	-0.792025
-0.147865	0.532576	-0.833366
-0.747594	-0.65424	-0.114335
0.78713	0.531206	0.313442
-0.720663	-0.172375	-0.671514
0.421138	0.787932	-0.449229
-0.779594	-0.572778	-0.253296
0.0743584	-0.585037	0.807591
-0.336377	-0.774176	0.536192
-0.714249	-0.157434	-0.681956
-0.125509	-0.69974	0.703286
-0.574734	0.0894355	-0.813438
0.0352021	0.65295	-0.756583
-0.531525	0.149261	-0.833788
-0.409928	0.294833	-0.863153
-0.619805	-0.764488	0.1772
-0.750072	-0.649871	-0.122721
0.204646	-0.488111	0.84845
0.683655	0.7278	-0.0540654
0.257301	0.752402	-0.606373
-0.697738	-0.716004	0.0223712
0.722078	0.690746	0.038374
-0.757286	-0.635951	-0.148604
0.160148	-0.523254	0.836993
-0.361366	0.345697	-0.865972
-0.782234	-0.37774	-0.495401
0.538234	-0.140303	0.831035
-0.0657045	0.590845	-0.804105
0.209215	0.735436	-0.644487
-0.639828	-0.755376	0.141516
-0.683413	-0.727988	0.0545919
-0.0725275	-0.673305	0.735799
0.754905	0.265123	0.599857
-0.150735	0.530412	-0.834231
-0.203821	-0.733367	0.64856
-0.787885	-0.420658	-0.449759
0.470682	-0.225737	0.852937
-0.675317	-0.734016	0.0718913
-0.763292	-0.622677	-0.172217
-0.20487	0.487929	-0.848501
-0.612254	0.0327631	-0.789982
0.565269	0.781317	-0.264603
0.774333	0.592119	0.223166
0.612218	-0.0328208	0.790008
-0.699879	-0.714051	0.0173567
0.452398	0.790105	-0.413606
0.0921147	-0.572879	0.814447
-0.471705	-0.790563	0.390519
0.317517	-0.388693	0.864928
-0.781263	-0.372	-0.501242
-0.729956	-0.195106	-0.655056
0.294655	0.763678	-0.574433
-0.679115	-0.731249	0.063851
0.46316	0.790447	-0.400844
0.179532	0.723651	-0.666406
0.0833057	-0.578951	0.811095
0.677693	0.732298	-0.0668772
-0.20582	0.487154	-0.848716
0.722684	0.69002	0.040005
0.685346	0.726474	-0.0503714
-0.0235155	0.618066	-0.785774
0.777723	0.580186	0.241933
0.295273	-0.409522	0.863195
-0.790538	-0.479991	-0.380341
0.645211	0.752599	-0.131523
-0.672192	-0.736213	0.0784093
-0.616871	0.0254286	-0.786653
0.788843	0.431525	0.437622
-0.78766	-0.526803	-0.319484
-0.449487	-0.789976	0.417012
0.790519	0.481425	0.378562
-0.433006	0.26935	-0.860207
0.772717	0.597276	0.214872
-0.666388	-0.740117	0.0902987
-0.685311	-0.0958725	-0.721912
0.78467	0.547924	0.289953
0.139749	-0.538646	0.830861
0.775607	0.342901	0.529955
-0.727331	-0.18854	-0.659881
-0.756959	-0.271724	-0.594289
-0.777894	-0.353936	-0.51924
0.692515	0.720584	-0.0343783
0.468401	-0.228453	0.853469
-0.779598	-0.572759	-0.253325
-0.726421	-0.685412	-0.0502256
0.101251	-0.566496	0.81782
0.678189	0.0818927	0.730311
-0.785257	-0.544348	-0.295052
-0.447179	0.253248	-0.857844
-0.223269	-0.740671	0.633685
-0.461416	-0.790407	0.402929
0.783256	0.55578	0.278601
-0.601123	0.0501021	-0.797585
0.538843	0.786096	-0.302822
0.0067501	0.636483	-0.771262
-0.635022	-0.00429307	-0.772482
0.49386	0.790184	-0.362921
-0.507312	-0.78945	0.345547
-0.021293	0.61945	-0.784747
0.327458	0.772125	-0.544604
0.588439	0.77543	-0.229015
0.789764	0.502394	0.351955
-0.20112	-0.73232	0.650583
0.733212	0.676435	0.0695373
0.691071	0.721806	-0.0376429
0.735669	0.209828	0.644021
0.295136	0.763812	-0.574008
-0.593112	0.0622956	-0.802707
0.770939	0.602629	0.206136
-0.596528	-0.772958	0.216082
-0.550695	0.123356	-0.825541
0.557763	-0.113556	0.822195
0.787962	0.421454	0.448879
0.739251	0.219396	0.63669
-0.197086	0.494236	-0.846692
-0.72689	-0.187449	-0.660677
0.437795	0.789303	-0.430508
-0.67042	-0.0670755	-0.738943
-0.22243	-0.740365	0.634338
0.549311	0.784433	-0.287964
0.112426	-0.558572	0.821802
0.668935	0.738432	-0.0851163
0.522624	0.788119	-0.325164
-0.691382	-0.108115	-0.714354
0.499243	0.789938	-0.356027
-0.414786	-0.787286	0.456217
0.764251	0.29672	0.572606
-0.744587	-0.234201	-0.625092
-0.526868	0.155411	-0.835618
-0.0246701	-0.64695	0.762134
0.763286	0.293252	0.575672
0.776285	0.585456	0.233717
-0.320729	0.385632	-0.865113
-0.246164	-0.748712	0.615494
-0.425627	-0.788348	0.44424
-0.788219	-0.424199	-0.445832
0.515568	0.7888	-0.334639
0.754265	0.263103	0.601548
-0.790161	-0.494431	-0.362193
-0.349107	0.357986	-0.866008
-0.783672	-0.553563	-0.281825
-0.187443	-0.726887	0.660682
0.636027	0.75725	-0.148467
-0.287692	-0.761707	0.580547
-0.501947	0.187454	-0.84434
-0.701325	-0.128884	-0.701094
-0.715379	-0.698428	-0.0207598
-0.37517	0.331602	-0.865614
-0.603661	0.0461906	-0.795902
0.788222	0.521639	0.326496
0.667787	0.0621486	0.741753
0.758431	0.633555	0.15294
0.778494	0.356978	0.516249
0.640177	0.0130115	0.768117
-0.790567	-0.472766	-0.389225
-0.751698	-0.646897	-0.128354
-0.0648123	0.591439	-0.803741
-0.647211	-0.751528	0.127763
0.651416	0.0324911	0.758025
-0.772288	-0.598596	-0.212729
0.481211	0.790522	-0.378828
-0.165564	0.519093	-0.838529
-0.219811	-0.739404	0.636369
0.481572	-0.212631	0.850222
0.338368	-0.368577	0.865828
-0.410778	0.293911	-0.863063
0.646878	0.0245448	0.762199
0.789546	0.5059	0.347394
0.0874852	0.681062	-0.72698
0.780514	0.568861	0.259221
-0.0500293	-0.661205	0.748535
-0.62347	-0.762956	0.170835
0.70386	0.134336	0.697521
-0.4452	-0.789758	0.421995
-0.712122	-0.701945	-0.0124651
0.732909	0.676854	0.0686521
0.674634	0.0750585	0.734327
-0.658083	-0.745325	0.106849
0.162038	-0.521805	0.837534
0.782298	0.560625	0.271494
0.784454	0.549188	0.288141
-0.112215	-0.693381	0.71178
-0.75306	-0.259337	-0.604686
0.653512	0.0361995	0.75605
-0.738827	-0.218249	-0.637575
0.31313	0.768608	-0.557845
-0.783795	-0.38766	-0.485165
0.768628	0.609147	0.195324
0.427558	0.788516	-0.442082
0.728954	0.192585	0.656915
-0.178506	-0.723226	0.667143
0.789393	0.508133	0.344472
0.633011	0.758686	-0.15392
0.706808	0.140764	0.693259
0.279544	-0.423871	0.861504
-0.360371	0.346703	-0.865985
0.327473	0.772129	-0.54459
-0.271652	0.430954	-0.860514
-0.78912	-0.43519	-0.433474
-0.405548	-0.786228	0.466236
-0.638772	-0.0106218	-0.769323
0.21728	-0.477732	0.851212
-0.625927	0.0107821	-0.779807
-0.610469	-0.768139	0.193106
0.788137	0.522456	0.325392
0.561192	0.782182	-0.270656
0.787491	0.416736	0.45408
0.26984	-0.43257	0.860273
0.691262	0.721645	-0.0372109
-0.773901	-0.335153	-0.537355
-0.685698	-0.0966427	-0.721442
0.205532	-0.487389	0.848651
0.790518	0.481501	0.378467
-0.0269601	0.615912	-0.787354
0.770664	0.603427	0.204823
0.750011	0.649979	0.122514
0.0778903	-0.582644	0.808986
-0.773817	-0.334779	-0.537709
-0.673851	-0.0735659	-0.735196
0.779465	0.362046	0.511231
0.314524	-0.391534	0.86474
-0.678606	-0.731627	0.0649368
0.730136	0.19556	0.654719
-0.0623353	0.593085	-0.802723
0.787554	0.527723	0.318226
0.231914	0.743779	-0.626904
-0.307385	-0.767122	0.563061
-0.421452	-0.787962	0.448881
0.465425	-0.231982	0.854145
-0.756351	-0.637868	-0.145112
0.422588	-0.280964	0.861672
-0.0602598	-0.666771	0.742822
0.615061	-0.0283152	0.787971
-0.770827	-0.322038	-0.549652
0.781169	0.371461	0.501788
0.790431	0.486109	0.372716
0.53017	0.787259	-0.314869
0.758883	0.632591	0.154675
-0.601154	0.0500544	-0.797564
0.749014	0.247058	0.614768
-0.461701	-0.790414	0.40259
0.754834	0.264898	0.600046
-0.673696	-0.0732713	-0.735367
0.673063	0.735607	-0.0766004
-0.369363	-0.780801	0.503906
-0.0502022	0.601058	-0.797627
0.788976	0.433251	0.435672
0.784451	0.549204	0.288118
-0.0114848	0.625498	-0.780141
0.643746	0.753369	-0.13426
-0.0576241	-0.665348	0.744306
-0.452531	0.247074	-0.856837
0.555157	0.783375	-0.279509
-0.303462	-0.766083	0.566593
0.617718	0.765335	-0.180794
0.448932	-0.251232	0.857521
-0.451672	0.248069	-0.857003
0.475886	-0.219504	0.851675
-0.72563	-0.686407	-0.0480382
-0.325309	0.381244	-0.865348
-0.762045	-0.288869	-0.579519
0.147121	0.70968	-0.688991
0.211835	0.736429	-0.642494
0.761003	0.627949	0.162956
0.732128	0.677924	0.0663867
0.4404	0.789474	-0.427526
-0.23986	-0.74656	0.620577
-0.465003	0.232481	-0.854239
0.00349915	-0.63035	0.776303
-0.370501	-0.781001	0.502758
-0.720255	-0.171407	-0.672199
0.672856	0.0716759	0.736293
-0.665758	-0.740527	0.0915723
0.541291	0.785733	-0.29938
0.274296	0.757745	-0.592101
-0.631599	0.00142522	-0.775294
-0.741541	-0.225666	-0.631816
0.703638	0.710509	-0.00841477
0.619366	0.764668	-0.177958
0.619933	-0.0205152	0.784386
-0.121649	-0.697913	0.705776
-0.192816	-0.729046	0.656745
-0.263602	-0.754424	0.601132
-0.74232	-0.227825	-0.630125
0.421183	-0.282517	0.861852
0.782005	0.376363	0.496808
-0.713443	-0.155597	-0.683219
-0.777853	-0.353729	-0.519443
-0.0998614	-0.687306	0.71947
-0.367175	-0.780409	0.506106
-0.756525	-0.637515	-0.145756
-0.0814274	-0.677948	0.730586
-0.788974	-0.513539	-0.337338
-0.124896	-0.699451	0.703683
0.0287096	0.649264	-0.760021
-0.0125915	0.62482	-0.780667
0.0422894	-0.606176	0.794205
-0.696764	-0.11924	-0.70732
0.0709663	-0.587322	0.806236
0.651113	0.0319571	0.758308
-0.704431	-0.135574	-0.696704
-0.519999	-0.788386	0.328706
0.0479764	0.660076	-0.749666
-0.787791	-0.419698	-0.450821
0.770792	0.321895	0.549785
-0.705604	-0.708597	0.00366554
0.131448	-0.544783	0.82821
0.380848	-0.325721	0.865367
0.305127	0.766527	-0.565097
-0.774553	-0.338071	-0.53458
-0.28937	0.414944	-0.862605
-0.742068	-0.663356	-0.0964027
-0.624512	0.0130945	-0.780905
-0.396933	0.3088	-0.864342
-0.790477	-0.46464	-0.399067
0.0218024	0.645296	-0.763621
-0.733874	-0.205134	-0.647571
0.185014	-0.503884	0.843724
0.78992	0.499579	0.355594
-0.774402	-0.337388	-0.53523
-0.290537	0.413875	-0.862726
-0.57649	-0.778678	0.247628
-0.738097	-0.669432	-0.0840972
-0.145937	0.534024	-0.832779
-0.387728	0.318532	-0.864988
0.719029	0.694321	0.030261
-0.542698	-0.785517	0.297391
-0.747362	-0.65464	-0.11356
-0.279825	-0.759407	0.587366
-0.454465	-0.790188	0.411174
0.693909	0.113305	0.711092
-0.381664	0.324873	-0.865327
0.265038	0.754878	-0.599929
-0.739244	-0.219377	-0.636704
0.723753	0.17978	0.666229
0.245433	0.748465	-0.616087
0.241915	0.747266	-0.618927
-0.457802	-0.790304	0.407231
0.710837	0.703296	0.00923487
-0.418335	0.285653	-0.862205
0.728904	0.192461	0.657006
0.128313	0.701057	-0.701466
0.0865201	0.680569	-0.727558
0.689319	0.723264	-0.041575
-0.0602115	-0.666745	0.742849
0.714524	0.699364	0.0185667
0.0218655	-0.619094	0.785012
-0.414883	-0.787296	0.456111
-0.429586	-0.788686	0.439806
0.775053	0.58972	0.226986
0.301273	0.765495	-0.568553
-0.570242	0.0959049	-0.81586
0.783711	0.553352	0.282131
-0.112288	-0.693417	0.711734
0.67558	0.0768695	0.733268
-0.387955	-0.783839	0.484858
0.0819489	0.678218	-0.730277
0.387749	0.783809	-0.485072
-0.189397	0.500399	-0.844825
0.786025	0.403901	0.468005
-0.715814	-0.161028	-0.679471
-0.62958	-0.760269	0.160061
0.671143	0.0684363	0.738162
0.160941	-0.522646	0.837221
0.708493	0.70571	0.00340919
-0.771948	-0.599629	-0.211047
-0.713105	-0.700898	-0.0149509
-0.722885	-0.689778	-0.0405475
0.540125	-0.137758	0.830234
0.769419	0.316336	0.554911
-0.221506	-0.740027	0.635055
-0.679192	-0.731192	0.0636867
-0.689412	-0.723188	0.0413673
0.46863	-0.228181	0.853416
0.78276	0.380979	0.492079
0.61597	0.766031	-0.183786
-0.688928	-0.723586	0.0424472
0.644459	0.752996	-0.13293
0.315933	-0.390198	0.86483
0.285364	0.761035	-0.582575
0.328967	0.77248	-0.54319
0.781782	0.375035	0.498162
0.730183	0.195678	0.654632
0.733369	0.203825	0.648556
0.595583	-0.058558	0.801156
-0.78628	-0.405973	-0.465779
0.18672	-0.50253	0.844156
0.79022	0.492934	0.364099
0.114325	-0.557213	0.822462
-0.425513	0.277722	-0.861283
-0.788171	-0.423678	-0.446411
-0.441435	0.259816	-0.858854
0.764348	0.297071	0.572295
-0.0305879	0.613629	-0.789002
0.0419635	-0.606386	0.794063
0.343331	-0.363703	0.865936
-0.471897	0.224287	-0.852648
-0.732941	-0.20272	-0.649386
0.230894	0.743417	-0.62771
0.721435	0.691511	0.0366493
-0.660225	-0.0482466	-0.749517
-0.501532	-0.789814	0.353072
0.0746937	0.674443	-0.734539
0.426654	0.788438	-0.443093
-0.308923	0.396816	-0.864351
-0.488463	0.204214	-0.848352
-0.128665	0.546825	-0.827302
0.543866	-0.132695	0.828615
-0.761318	-0.627239	-0.164213
0.268348	0.755915	-0.597145
-0.337515	0.369412	-0.865805
-0.64489	-0.0211002	-0.763984
-0.78723	-0.414267	-0.456784
-0.521897	-0.788195	0.326147
0.711305	0.15076	0.686525
-0.766728	-0.614185	-0.186827
0.495869	0.790099	-0.360358
0.788511	0.518712	0.330436
0.633649	0.00199288	0.773618
0.392794	-0.313192	0.864652
-0.259049	0.442109	-0.858739
0.782039	0.376564	0.496603
-0.783498	-0.385697	-0.487204
-0.0554446	-0.664165	0.745527
0.779594	0.572777	0.253297
-0.762328	-0.289862	-0.57865
-0.790448	-0.463185	-0.400814
0.102348	0.688542	-0.717938
-0.0444087	-0.658102	0.751618
-0.362626	0.344422	-0.865954
-0.426142	0.277023	-0.861198
0.697773	0.121355	0.705965
-0.0818191	0.579968	-0.81052
0.411652	-0.29296	0.86297
0.234191	-0.463554	0.85456
-0.784204	-0.550616	-0.286086
0.622376	-0.0165674	0.782543
-0.682376	-0.728788	0.0568419
0.683773	0.0928188	0.723768
0.762173	0.289317	0.579127
-0.642419	-0.754058	0.136729
-0.234091	0.463639	-0.854541
0.19358	0.72935	-0.656182
0.615798	-0.0271418	0.787437
-0.0348991	-0.652778	0.756745
0.448111	-0.252177	0.857673
-0.737924	-0.215819	-0.639446
0.560079	0.78241	-0.272299
0.70232	0.711768	-0.0115711
-0.31363	-0.768736	0.557388
0.231602	0.743668	-0.627151
-0.21186	0.482206	-0.850054
-0.137736	0.540141	-0.830227
0.747738	0.653991	0.114816
-0.786658	-0.534832	-0.308422
0.075749	-0.584096	0.808142
-0.790275	-0.491425	-0.366015
0.0404875	0.655918	-0.753745
0.341428	-0.365576	0.865899
-0.520775	0.163379	-0.837914
-0.784102	-0.551196	-0.28525
0.773876	0.33504	0.537461
-0.320827	-0.770532	0.550773
-0.541018	-0.785774	0.299765
-0.534275	0.145603	-0.832677
-0.545002	0.13115	-0.828114
-0.465438	0.231966	-0.854142
0.699986	0.713952	-0.0171043
-0.477601	0.217438	-0.851245
-0.26559	-0.755052	0.599465
-0.212361	0.481794	-0.850163
0.790556	0.477998	0.382804
0.772753	0.330137	0.542091
0.724811	0.687424	0.0457903
-0.148731	0.531924	-0.833628
0.000623178	0.632829	-0.774291
-0.783926	-0.552175	-0.283836
0.6859	0.726034	-0.0491542
0.419457	-0.284419	0.862068
-0.0451368	0.604342	-0.795446
-0.306032	0.399528	-0.864131
0.129413	0.701572	-0.700749
-0.435568	0.266465	-0.859812
0.600702	0.771591	-0.209295
-0.696376	-0.717222	0.0255311
-0.785319	-0.398424	-0.473848
-0.658077	-0.0443635	-0.751643
-0.782406	-0.378788	-0.494329
0.637492	0.756536	-0.145798
0.0556238	-0.597514	0.799927
0.520203	0.788366	-0.328432
0.790543	0.479465	0.380992
-0.0203429	-0.644452	0.764374
-0.777337	-0.581632	-0.239689
-0.594505	-0.773597	0.219342
-0.658826	-0.744877	0.105391
-0.694323	-0.114161	-0.710551
-0.395679	-0.784948	0.476755
-0.740124	-0.221773	-0.634849
-0.780765	-0.369164	-0.504106
0.162819	-0.521206	0.837756
0.220184	0.739541	-0.63608
0.774551	0.5914	0.224314
-0.00886542	-0.637735	0.770205
-0.336343	0.370556	-0.865772
-0.710294	-0.148492	-0.688064
0.789743	0.502762	0.351479
-0.787268	-0.41462	-0.456399
0.520968	-0.163129	0.837844
0.215523	0.737814	-0.639672
0.75878	0.632811	0.154281
-0.613602	-0.766953	0.187816
0.772234	0.598761	0.21246
0.652436	0.74863	-0.117813
-0.706829	-0.707384	0.000680275
0.762173	0.625288	0.16765
-0.0168266	-0.642408	0.766178
0.311174	-0.394699	0.864514
-0.431943	-0.788875	0.437151
-0.77612	-0.345305	-0.527638
-0.369728	0.337192	-0.865796
0.672962	0.0718759	0.736177
-0.747598	-0.242885	-0.618145
0.31591	-0.39022	0.864829
0.768296	0.610047	0.193815
-0.0575853	-0.665327	0.744328
0.270463	-0.432015	0.860356
0.476205	0.790566	-0.385013
0.514507	0.788893	-0.336052
0.785557	0.400227	0.471931
0.603567	-0.0463352	0.795965
0.723432	0.179003	0.666787
0.786435	0.407264	0.464388
0.57854	0.778154	-0.244476
-0.629639	-0.760243	0.159957
0.332142	0.773216	-0.540203
0.766962	0.306775	0.563612
0.731744	0.678447	0.0652755
0.48981	-0.202557	0.847972
0.341861	-0.36515	0.865908
0.584913	0.776437	-0.234567
0.394118	0.784731	-0.478401
0.019825	0.644152	-0.764641
-0.379481	-0.782519	0.493618
-0.215423	0.479268	-0.85082
-0.790182	-0.4939	-0.36287
0.75786	0.634758	0.150769
-0.731339	-0.198611	-0.652455
0.288419	0.761916	-0.579913
0.614828	0.766479	-0.185733
-0.115124	-0.694788	0.709941
0.562178	-0.107363	0.820018
0.190167	-0.499785	0.845015
-0.468269	-0.790533	0.394691
-0.6975	-0.716218	0.0229256
-0.0617827	0.593452	-0.802495
-0.663201	-0.0536743	-0.746514
-0.512065	0.174618	-0.84101
-0.220303	0.475221	-0.85184
-0.771178	-0.323489	-0.548305
0.177399	0.722766	-0.667936
-0.318239	0.388007	-0.864971
-0.272967	-0.75734	0.593233
0.714914	0.698939	0.0195646
-0.471914	0.224267	-0.852644
0.423297	-0.280179	0.861579
-0.790469	-0.484372	-0.37489
-0.409958	-0.78675	0.461474
-0.70423	-0.135139	-0.696992
0.141553	0.707167	-0.692732
0.0670679	-0.589935	0.804661
-0.539198	-0.786044	0.302324
-0.461515	0.236591	-0.855002
0.320335	-0.386009	0.865091
-0.701261	-0.128747	-0.701183
-0.675438	-0.733929	0.0716365
-0.48282	-0.790498	0.376827
-0.263622	-0.75443	0.601115
0.6956	0.11681	0.70887
-0.184545	0.504256	-0.843605
-0.343878	0.363163	-0.865945
-0.770206	-0.319501	-0.551999
0.61667	-0.0257502	0.786801
0.732239	0.677773	0.0667062
0.528539	0.787457	-0.317109
-0.78038	-0.367014	-0.506268
-0.73999	-0.666583	-0.0899045
-0.535399	0.144102	-0.832215
-0.326023	0.380558	-0.865381
0.537717	-0.140998	0.831252
0.292506	-0.412069	0.862925
-0.0874413	-0.68104	0.727007
0.705424	0.137735	0.695274
-0.417364	0.28672	-0.862322
-0.282708	-0.760259	0.584878
0.783253	0.384109	0.48885
-0.682459	-0.0902272	-0.725333
0.539613	0.785984	-0.301741
0.672903	0.0717639	0.736242
0.0273219	0.648471	-0.760749
-0.717878	-0.695636	-0.0272402
0.47567	-0.219763	0.851729
0.746786	0.240516	0.620051
-0.0180078	-0.643096	0.765574
-0.431261	0.271309	-0.860468
0.45712	-0.241738	0.855923
0.534901	-0.144768	0.83242
0.138831	0.705926	-0.694546
0.183471	-0.505106	0.843331
0.222043	-0.473772	0.852196
0.19422	0.729605	-0.65571
0.527797	0.787545	-0.318125
0.682576	0.728634	-0.0564093
0.784292	0.391033	0.481642
0.279154	-0.424223	0.861457
-0.563001	0.106203	-0.819604
0.654715	0.747319	-0.113416
-0.784317	-0.549976	-0.287008
-0.764494	-0.297604	-0.571822
-0.704403	-0.70977	0.00657255
-0.0663221	0.590433	-0.804357
-0.777582	-0.580717	-0.24111
-0.786186	-0.4052	-0.466611
0.785622	0.400725	0.4714
0.678207	0.73192	-0.0657845
0.622121	0.763526	-0.173186
0.716692	0.163059	0.678059
-0.682892	-0.0910788	-0.72482
0.252818	0.750935	-0.610066
0.317752	0.769772	-0.55361
0.628913	-0.00587489	0.777453
0.47914	-0.215578	0.850853
-0.736279	-0.672097	-0.078606
-0.699126	-0.124208	-0.704128
-0.386662	-0.783645	0.486203
0.734101	0.205723	0.647128
0.173963	-0.512576	0.840835
0.788664	0.42931	0.440117
-0.429216	-0.788656	0.440222
-0.177422	0.509869	-0.841757
0.520832	0.788304	-0.327584
0.756432	0.637703	0.145413
0.626602	0.761599	-0.165337
-0.1516	-0.711678	0.685953
-0.442444	-0.7896	0.425177
0.306332	-0.399247	0.864154
-0.785894	-0.402856	-0.469124
-0.351947	-0.777494	0.521187
-0.742077	-0.663342	-0.096431
0.190776	-0.499299	0.845166
0.00179779	-0.631375	0.775475
0.648715	0.0277486	0.760525
0.507972	0.789404	-0.344683
0.431592	0.788848	-0.437547
-0.522907	0.160602	-0.837123
-0.762541	-0.624438	-0.169141
-0.0450796	0.604379	-0.795421
0.76411	0.296211	0.573057
-0.539637	0.138416	-0.830442
-0.753328	-0.643826	-0.134112
-0.60214	-0.771105	0.20694
-0.292212	-0.762994	0.576587
0.245067	0.748341	-0.616383
-0.208145	-0.735028	0.645298
0.345421	-0.361639	0.865968
0.0368729	0.653891	-0.75569
0.1823	-0.506031	0.84303
-0.376901	-0.782095	0.496259
0.735898	0.210432	0.643562
0.5504	-0.123763	0.825677
0.0740839	0.674123	-0.734895
0.380977	0.78276	-0.492081
-0.336367	-0.774174	0.536201
-0.784958	-0.395754	-0.476676
-0.57321	-0.779489	0.25264
-0.741387	-0.664426	-0.0942577
-0.615003	0.0284072	-0.788013
0.105872	0.690282	-0.715753
0.386742	-0.319567	0.865048
0.366662	0.780316	-0.506622
0.742418	0.662802	0.097509
0.204818	0.733752	-0.64781
-0.748885	-0.651988	-0.118673
-0.252212	-0.750734	0.610563
0.501041	0.789841	-0.353706
0.78336	0.384798	0.488137
0.127525	-0.547658	0.826927
0.275404	0.758081	-0.591156
0.276918	-0.426237	0.861185
-0.64116	-0.0146888	-0.767267
-0.600933	-0.771514	0.208918
0.633026	0.000951062	0.77413
0.389113	0.784011	-0.483649
0.294342	-0.410381	0.863105
-0.63294	-0.75872	0.154049
0.731503	0.19903	0.652144
0.753638	0.643231	0.13522
-0.376442	-0.782018	0.496728
0.756969	0.636605	0.147415
-0.768472	-0.609572	-0.194612
-0.708295	-0.144044	-0.691064
-0.000439828	-0.632719	0.774381
-0.70001	-0.71393	0.017048
0.713094	0.154803	0.683764
-0.443975	-0.789689	0.423412
0.749168	0.247514	0.614397
0.790409	0.486981	0.371622
0.786388	0.406869	0.464814
-0.292132	-0.762971	0.576658
-0.774084	-0.592935	-0.22186
0.783204	0.556052	0.278204
0.754336	0.263324	0.601364
0.482706	-0.211253	0.849922
-0.0140839	-0.640805	0.767574
-0.253744	0.446747	-0.857923
0.780591	0.568524	0.259728
-0.40428	-0.786072	0.467598
0.490878	-0.20124	0.847668
-0.521507	0.162427	-0.837644
-0.14276	-0.707714	0.691925
0.593285	-0.0620344	0.802599
-0.780085	-0.365392	-0.507893
0.264982	0.75486	-0.599976
-0.0853379	0.577557	-0.811877
-0.714936	-0.159009	-0.680869
-0.326684	0.379922	-0.865412
-0.0949915	0.570879	-0.815521
-0.73763	-0.215031	-0.64005
0.726654	0.685118	0.0508705
0.446939	0.78985	-0.419979
0.781351	0.565113	0.264836
-0.790515	-0.481751	-0.378156
-0.71606	-0.697675	-0.0225172
-0.16871	-0.719112	0.674103
0.618401	-0.0229783	0.785526
0.743107	0.661704	0.0996976
-0.788808	-0.515482	-0.334755
0.277343	-0.425854	0.861237
-0.0826227	-0.678566	0.729878
-0.531488	-0.787095	0.313053
-0.232318	-0.743922	0.626584
0.500705	-0.189013	0.84473
0.715776	0.69799	0.0217823
0.134527	-0.542515	0.829204
-0.570678	-0.780093	0.256479
0.107503	0.691083	-0.714736
0.347046	0.776486	-0.525955
-0.656782	-0.746103	0.109396
-0.763191	-0.292915	-0.575969
0.616369	-0.0262306	0.787021
0.639912	0.755334	-0.141363
-0.774485	-0.591618	-0.223966
0.785884	0.402778	0.469208
-0.219382	-0.739246	0.6367
0.562824	-0.106453	0.819693
0.304046	0.766239	-0.566068
-0.643411	-0.753544	0.134885
-0.761877	-0.625968	-0.166455
0.639308	0.0115328	0.768864
-0.121049	0.552368	-0.824764
0.497229	-0.193362	0.845798
-0.712765	-0.701262	-0.0140882
0.439324	-0.262216	0.859207
0.0661388	-0.590555	0.804283
-0.732103	-0.677958	-0.0663145
-0.511417	-0.789146	0.340147
-0.755244	-0.266201	-0.598952
-0.280363	-0.759567	0.586903
0.0686588	0.671261	-0.738034
0.778047	0.354706	0.518485
-0.623583	0.0146075	-0.781621
0.246241	-0.453249	0.856697
0.790065	0.451448	0.414719
0.709816	0.704356	0.00668703
-0.259007	-0.752954	0.604959
0.180616	0.724098	-0.665627
-0.506539	-0.789503	0.346559
0.122902	0.698507	-0.70497
-0.408674	-0.786601	0.462864
0.779481	0.362135	0.511143
-0.505159	0.183403	-0.843313
-0.765593	-0.617073	-0.181899
0.664988	0.0569602	0.744679
0.252439	0.750809	-0.610377
0.697387	0.120546	0.706484
0.43359	-0.268694	0.860118
-0.734203	-0.20599	-0.646927
-0.492683	-0.790229	0.364419
-0.167284	-0.718505	0.675105
0.33036	-0.376373	0.865567
0.0299554	0.649975	-0.759365
-0.781183	-0.37154	-0.501708
0.394178	0.78474	-0.478339
0.267312	-0.434817	0.859929
0.0289781	0.649417	-0.75988
0.766687	0.305733	0.564551
-0.696598	-0.717026	0.0250193
0.756137	0.269063	0.596542
-0.672254	-0.73617	0.078281
-0.0718801	-0.672964	0.736174
-0.479018	0.215726	-0.850884
0.790244	0.455997	0.409367
-0.465319	-0.79049	0.398252
-0.735074	-0.208265	-0.645207
0.369618	-0.337304	0.865799
-0.0262618	0.616349	-0.787035
0.448106	-0.252182	0.857674
0.467424	-0.229614	0.853693
-0.634774	-0.00387607	-0.772688
0.759088	0.278752	0.588288
0.575554	-0.0882475	0.812988
0.781943	0.562344	0.268953
0.148285	0.710202	-0.688204
0.360458	0.779164	-0.512809
-0.646943	-0.0246591	-0.762139
-0.318275	0.387972	-0.864973
-0.507679	-0.789425	0.345067
0.731593	0.678651	0.0648398
-0.511012	-0.789178	0.340682
-0.789747	-0.502688	-0.351575
0.694985	0.115533	0.709681
0.346523	-0.360549	0.865983
-0.207396	-0.734742	0.645864
-0.495446	-0.790118	0.360898
0.485839	0.790437	-0.373054
0.753618	0.261073	0.603242
-0.621018	-0.763987	0.1751
-0.676172	-0.733402	0.0700916
0.280158	-0.423316	0.861577
0.663055	0.0534063	0.746664
-0.450812	0.249062	-0.857168
0.779142	0.360339	0.512927
-0.727812	-0.189735	-0.659007
0.629896	0.760126	-0.159499
0.54665	-0.128902	0.82738
-0.46111	-0.790399	0.403295
-0.27796	0.425299	-0.861312
0.741984	0.226892	0.630856
0.294909	-0.409858	0.86316
0.580125	0.777739	-0.242027
0.423534	0.788158	-0.446571
0.783825	0.387857	0.484959
0.718644	0.694762	0.0292492
0.732597	0.201834	0.650049
0.732289	0.677705	0.0668521
0.507889	-0.179943	0.842419
-0.376854	-0.782087	0.496307
-0.754865	-0.264999	-0.599962
-0.373453	-0.781513	0.49977
0.777468	0.351818	0.521313
0.328708	-0.37797	0.8655
0.352806	0.777668	-0.520347
0.0774274	-0.582959	0.808804
-0.789133	-0.511584	-0.339927
0.516835	-0.168484	0.839342
-0.767624	-0.309307	-0.561321
0.101126	-0.566584	0.817775
-0.762094	-0.625472	-0.167327
-0.11808	-0.696209	0.708061
0.351439	-0.355664	0.866022
0.59079	0.774734	-0.225285
-0.270978	0.431556	-0.860425
-0.518312	0.166575	-0.838812
0.440556	-0.260817	0.859002
-0.789884	-0.447599	-0.419211
0.716664	0.697003	0.0240796
-0.790502	-0.482588	-0.377115
0.790377	0.460267	0.4043
0.785306	0.544046	0.295481
0.511507	-0.175331	0.841201
-0.551147	0.122734	-0.825332
-0.200829	0.491212	-0.847572
-0.208028	-0.734984	0.645386
0.761127	0.62767	0.163451
-0.0160458	0.622698	-0.782298
-0.536951	0.142025	-0.831572
-0.691397	-0.721531	0.0369063
0.565252	0.781321	-0.264629
-0.755178	-0.640222	-0.140792
-0.0886456	-0.681654	0.726285
0.784176	0.390234	0.482478
-0.322821	0.383631	-0.865224
0.511533	-0.175297	0.841192
-0.51146	-0.789143	0.34009
0.552063	-0.12147	0.824907
0.349153	0.776924	-0.52391
0.383472	0.783154	-0.489508
0.0634776	-0.592327	0.803193
0.383552	-0.322904	0.865229
-0.445122	-0.789753	0.422085
0.679772	0.0849671	0.728485
0.781862	0.562725	0.268388
0.0754859	0.674857	-0.734077
-0.127233	-0.700551	0.702168
-0.680587	-0.730149	0.0607008
0.354361	-0.352746	0.866025
0.770678	0.603387	0.204889
0.330399	-0.376335	0.865568
0.289681	0.762276	-0.578809
0.783907	0.552281	0.283683
-0.790494	-0.46554	-0.397986
-0.388428	0.317796	-0.864945
-0.674285	-0.0743939	-0.734714
0.770461	0.320541	0.551038
0.775071	0.589661	0.227079
0.154881	-0.527271	0.835462
-0.757474	-0.635562	-0.149311
0.466436	-0.230785	0.853918
-0.475525	-0.790568	0.385847
-0.185536	0.50347	-0.843857
0.393846	-0.312078	0.864577
-0.213622	0.480755	-0.850435
0.507114	0.789464	-0.345806
-0.490363	-0.790311	0.367359
-0.723479	-0.179117	-0.666704
0.747904	0.653704	0.11537
-0.697762	-0.715982	0.0223138
0.772766	0.597124	0.215117
-0.123557	-0.698818	0.704548
0.182302	0.724792	-0.664412
-0.502376	-0.789765	0.351978
0.173574	0.721168	-0.670663
-0.70021	-0.713744	0.0165753
0.526391	-0.156038	0.835802
0.388566	0.783931	-0.48422
0.272816	-0.429914	0.860665
-0.175547	0.511338	-0.841259
-0.786575	-0.535442	-0.307575
-0.501306	-0.789827	0.353364
-0.775278	-0.588958	-0.228194
-0.783322	-0.384551	-0.488393
-0.600975	-0.771499	0.208849
-0.146263	-0.709295	0.689571
0.750778	0.252343	0.610456
-0.640191	-0.755194	0.140849
0.74783	0.653833	0.115122
0.784878	0.546678	0.291735
-0.699999	-0.12606	-0.702929
0.782851	0.381552	0.49149
0.696085	0.11782	0.708226
-0.786819	-0.533619	-0.310106
0.712507	0.701537	0.0134358
-0.257365	0.443585	-0.858485
0.309705	0.767728	-0.560961
0.0634068	0.668462	-0.741038
0.784576	0.393018	0.479559
-0.449593	-0.789981	0.416888
0.623735	-0.0143601	0.781504
0.628249	0.760869	-0.162426
0.72493	0.182638	0.664169
-0.732846	-0.202475	-0.649569
0.17168	0.720371	-0.672006
0.434281	0.789053	-0.434505
0.047738	-0.602659	0.79657
0.523481	-0.159851	0.836908
0.225534	-0.470853	0.852896
0.0374054	0.65419	-0.755404
-0.590783	-0.774737	0.225296
0.538284	0.786177	-0.303606
0.384192	0.783266	-0.488765
-0.77781	-0.353518	-0.51965
-0.683718	-0.0927116	-0.723833
0.772718	0.329986	0.542233
0.732111	0.677947	0.0663376
0.0696681	0.671796	-0.737453
-0.056719	0.596794	-0.800387
0.679329	0.73109	-0.0633938
-0.113251	0.557982	-0.822089
0.691702	0.108769	0.713945
0.162079	-0.521774	0.837545
-0.757777	-0.274402	-0.592011
-0.25249	0.447839	-0.857723
0.782723	0.380751	0.492314
-0.536117	-0.786482	0.306634
0.59191	0.774397	-0.2235
-0.590477	-0.774828	0.225783
-0.540605	0.13711	-0.830028
-0.14691	0.533294	-0.833076
0.790418	0.461872	0.402385
-0.389341	-0.784045	0.483412
0.77654	0.584545	0.235145
-0.760914	-0.284949	-0.582935
-0.58991	0.0671051	-0.804676
-0.550753	0.123277	-0.825514
0.776043	0.58631	0.232374
-0.546029	0.12975	-0.827657
-0.156218	0.526255	-0.835854
0.597685	0.772585	-0.214208
0.573908	-0.0906297	0.813889
0.311314	-0.394566	0.864524
0.710326	0.148564	0.688015
0.221074	0.739868	-0.635391
0.431419	-0.271132	0.860445
-0.716596	-0.162837	-0.678214
0.790158	0.494504	0.362101
0.774198	0.336474	0.5361
-0.346929	-0.776462	0.526067
-0.55619	-0.783178	0.278001
0.654561	0.0380655	0.75505
0.451744	-0.247985	0.856989
-0.416596	-0.787477	0.454234
-0.743359	-0.23073	-0.627839
-0.644344	-0.0201562	-0.76447
-0.442637	-0.789611	0.424955
-0.186685	0.502558	-0.844147
-0.410764	-0.786842	0.4606
0.101027	-0.566654	0.817739
-0.598943	-0.772175	0.212165
-0.0819746	0.579862	-0.81058
-0.199356	-0.731631	0.6519
-0.586484	0.0722127	-0.806735
0.780969	0.566846	0.262246
-0.589652	0.0674912	-0.804833
-0.537223	0.14166	-0.831459
0.00961876	0.63818	-0.769827
-0.509796	0.177515	-0.841781
-0.636432	-0.00666455	-0.771304
-0.669131	-0.7383	0.0847144
0.683956	0.0931813	0.723548
-9.37013e-05	0.632399	-0.774643
-0.724329	-0.181175	-0.665224
-0.130068	0.545796	-0.827761
-0.168461	-0.719007	0.674278
-0.760234	-0.629658	-0.159923
0.213817	0.737175	-0.64098
-0.781572	-0.373795	-0.499422
-0.462381	-0.79043	0.401776
-0.613191	-0.767111	0.188513
0.771672	0.325548	0.546389
0.37674	-0.32998	0.865552
-0.661167	-0.0499599	-0.748573
0.731972	0.678137	0.0659333
-0.782831	-0.381422	-0.491624
0.306167	-0.399402	0.864141
-0.689622	-0.723014	0.0408959
-0.774273	-0.336812	-0.535778
-0.431627	0.270898	-0.860414
0.0204831	-0.619953	0.784371
0.656339	0.746366	-0.110259
0.785336	0.543853	0.295756
-0.762867	-0.623677	-0.170473
0.395891	0.784977	-0.476531
0.719007	0.168463	0.674276
-0.429488	0.273293	-0.860727
-0.465293	-0.790489	0.398283
0.0525237	-0.599544	0.798617
0.317771	0.769777	-0.553592
0.790234	0.455729	0.409684
0.0848858	0.679731	-0.728533
-0.389614	-0.784085	0.483127
-0.101131	-0.687938	0.718689
-0.272596	-0.757226	0.593548
0.660402	0.743914	-0.10228
0.349398	-0.357697	0.86601
0.756192	0.638191	0.14452
0.641837	0.015847	0.766678
-0.532969	0.147343	-0.833207
-0.0140854	-0.640806	0.767573
0.728454	0.68281	0.0559024
-0.667929	-0.739102	0.0871693
-0.759465	-0.280019	-0.587199
-0.566685	0.100983	-0.817723
-0.747861	-0.653779	-0.115227
0.576159	-0.0873708	0.812655
-0.0844721	0.578152	-0.811545
0.783195	0.556099	0.278134
0.790556	0.477974	0.382834
0.739101	0.218991	0.637002
-0.701898	-0.712167	0.0125767
-0.675813	-0.0773157	-0.733007
-0.0811864	0.5804	-0.810274
0.460458	-0.237833	0.855228
0.0579604	0.66553	-0.744117
-0.208495	0.484968	-0.849315
0.351678	0.77744	-0.52145
0.0650855	0.66936	-0.740082
-0.474046	-0.790569	0.38766
-0.0356201	0.610441	-0.79126
0.0683405	0.671092	-0.738217
-0.424026	0.279372	-0.861483
0.61427	0.766695	-0.186682
-0.789994	-0.498115	-0.357478
-0.323194	-0.771107	0.548579
0.789346	0.508785	0.343615
-0.763766	-0.294969	-0.574156
-0.287042	-0.76152	0.581114
0.12481	-0.549638	0.826027
0.790526	0.467695	0.395386
0.787539	0.417201	0.45357
0.76663	0.305517	0.564746
0.635294	0.757603	-0.149797
-0.0435424	0.60537	-0.794752
-0.226632	-0.74189	0.63106
0.348598	0.776809	-0.524449
-0.0676054	-0.670702	0.73864
0.103212	0.68897	-0.717403
0.095107	0.684926	-0.722378
0.00371979	-0.630217	0.77641
0.669914	0.0661247	0.739488
-0.315832	-0.769292	0.555374
0.604269	0.770372	-0.203434
0.338961	-0.367996	0.865843
0.417578	-0.286485	0.862297
0.78846	0.426901	0.442817
-0.78883	-0.431372	-0.437796
0.117538	-0.554903	0.82357
0.790562	0.471587	0.390662
0.644368	0.0201978	0.764449
0.163816	-0.520439	0.838038
-0.397251	0.30846	-0.864317
-0.596201	0.0576209	-0.800765
-0.775467	-0.342249	-0.530581
-0.212873	-0.73682	0.641701
0.438221	0.789332	-0.43002
0.183362	-0.505192	0.843303
0.742434	0.662778	0.0975574
0.721553	0.691372	0.0369641
0.206646	0.734455	-0.646431
0.786418	0.407125	0.464538
0.751016	0.253065	0.609863
0.174132	0.721402	-0.670267
0.515569	-0.170117	0.839791
0.173595	0.721177	-0.670648
-0.782238	-0.560918	-0.271061
0.697458	0.716256	-0.0230231
0.380027	-0.326574	0.865407
-0.0700135	0.587962	-0.805853
-0.176377	0.510688	-0.84148
0.627395	0.761249	-0.163936
0.261015	-0.440382	0.859032
0.239606	0.746472	-0.620781
0.603305	0.770706	-0.205023
0.760161	0.282375	0.585166
0.739753	0.22076	0.635634
0.732105	0.677955	0.06632
-0.780701	-0.368804	-0.504469
0.434801	-0.26733	0.859932
0.68985	0.104996	0.716298
-0.00971493	-0.638237	0.769779
-0.503517	-0.789697	0.350497
0.182582	0.724907	-0.664209
-0.776795	-0.348531	-0.524514
-0.0971601	-0.685957	0.721126
-0.402797	-0.785887	0.469187
0.790392	0.460851	0.403604
0.724896	0.68732	0.0460206
-0.39365	0.312286	-0.864591
-0.602997	-0.770812	0.20553
0.23197	-0.465435	0.854143
-0.687063	-0.0993736	-0.71977
-0.147397	-0.709804	0.688805
-0.0860124	-0.680309	0.727861
0.584805	-0.074702	0.807727
-0.725164	-0.183209	-0.663756
-0.696269	-0.118204	-0.707981
-0.544859	-0.785176	0.294327
0.603504	-0.0464335	0.796007
-0.548572	0.126274	-0.826513
0.429152	-0.273668	0.860775
-0.317114	0.389076	-0.864903
0.013336	-0.624364	0.78102
0.720733	0.69234	0.0347739
0.0860705	-0.577054	0.812158
-0.723962	-0.688468	-0.043471
0.401792	-0.303609	0.863936
0.584855	0.776453	-0.234658
-0.771573	-0.600756	-0.209207
-0.762552	-0.29065	-0.57796
-0.352835	0.354271	-0.866025
-0.769835	-0.605798	-0.200903
0.790391	0.487683	0.37074
-0.7735	-0.594814	-0.218845
-0.786326	-0.406353	-0.46537
0.569325	-0.0972171	0.816344
-0.543522	0.133162	-0.828765
-0.777192	-0.350458	-0.522639
-0.635394	-0.757555	0.149616
-0.41392	0.290489	-0.862721
0.0651956	0.669419	-0.740019
-0.782193	-0.561137	-0.270737
0.450174	-0.249799	0.857289
0.127904	0.700866	-0.701732
0.790556	0.478024	0.382772
-0.754827	-0.640916	-0.139512
-0.201823	-0.732593	0.650058
0.418044	-0.285973	0.862241
-0.29836	-0.764702	0.57115
0.654861	0.747234	-0.113133
0.790564	0.476578	0.384553
0.784863	0.395068	0.4774
-0.700426	-0.126968	-0.70234
0.672618	0.735917	-0.0775252
0.752144	0.646066	0.129919
-0.00367989	0.630241	-0.776391
-0.343955	0.363087	-0.865946
0.705969	0.708237	-0.00277789
-0.486068	0.20715	-0.849015
-0.463136	0.234683	-0.854651
-0.476875	-0.790563	0.384188
0.0793023	0.676847	-0.73184
-0.231624	0.465727	-0.854078
-0.54712	0.128261	-0.827169
-0.506349	0.181897	-0.842926
0.15087	-0.53031	0.834272
-0.786651	-0.534883	-0.308352
-0.184446	-0.725669	0.66286
0.647847	0.751183	-0.126561
0.104554	0.689632	-0.716572
-0.418478	-0.787669	0.452166
0.683423	0.72798	-0.0545716
0.764531	0.297737	0.571704
0.761729	0.287769	0.580481
0.741648	0.664016	0.0950795
0.593132	-0.0622643	0.802694
-0.153157	0.52858	-0.834953
-0.342856	-0.775598	0.529998
0.770231	0.319602	0.551905
-0.35592	0.351183	-0.866021
0.151185	0.711494	-0.686236
-0.0179234	0.621539	-0.783178
-0.640461	-0.755057	0.14035
0.374844	-0.331937	0.865627
-0.210124	-0.735781	0.643796
0.788614	0.51762	0.331898
-0.763242	-0.293096	-0.575809
-0.62406	0.0138308	-0.781254
0.593102	0.774032	-0.221593
0.790306	0.490507	0.367177
0.164286	-0.520077	0.83817
0.322415	-0.384021	0.865203
0.718576	0.69484	0.0290711
-0.566562	0.101158	-0.817786
0.361523	-0.345539	0.86597
-0.170396	0.515353	-0.839867
0.78391	0.552264	0.283708
-0.678986	-0.0834375	-0.729395
0.779707	0.572308	0.254011
-0.0729444	-0.673524	0.735557
0.725326	0.183606	0.663469
0.651007	0.749438	-0.120552
-0.783513	-0.385793	-0.487105
-0.508133	-0.789393	0.344471
-0.283558	0.420238	-0.861971
0.447251	0.789866	-0.419616
-0.436918	-0.789243	0.431508
0.779802	0.571908	0.254617
-0.456232	0.242773	-0.856104
0.780848	0.369633	0.503634
0.461469	0.790408	-0.402867
-0.135815	-0.704542	0.696545
0.723716	0.17969	0.666293
0.281093	0.759783	-0.586274
0.321887	0.77079	-0.549792
-0.617184	0.0249291	-0.786424
0.0350338	-0.610814	0.790999
-0.790494	-0.483017	-0.376582
0.0260148	0.647722	-0.761433
0.389217	0.784027	-0.483541
-0.658591	-0.0452895	-0.751137
0.0514701	-0.600232	0.798168
-0.7879	-0.524674	-0.322384
-0.121817	0.551812	-0.825024
-0.695584	-0.717924	0.0273611
0.783552	0.386051	0.486838
0.43023	0.788739	-0.439082
0.106586	0.690633	-0.715308
-0.768792	-0.313851	-0.557187
0.0254091	-0.616883	0.786644
-0.750805	-0.252425	-0.610388
0.711178	0.702939	0.010091
-0.727557	-0.1891	-0.659471
-0.286802	-0.761451	0.581323
-0.638825	-0.0107122	-0.769278
-0.615422	0.0277393	-0.787709
0.770005	0.318688	0.552748
0.654654	0.038231	0.754961
0.7322	0.200813	0.650813
0.690304	0.105918	0.715725
-0.761673	-0.287572	-0.580652
0.777756	0.58006	0.242128
-0.597681	-0.772586	0.214214
-0.3877	-0.783801	0.485123
-0.718523	-0.167326	-0.675076
-0.774293	-0.336901	-0.535693
-0.790273	-0.45686	-0.408347
0.219612	-0.475796	0.851697
-0.781825	-0.562903	-0.268124
-0.260731	0.440631	-0.85899
-0.522399	0.161265	-0.837313
0.558161	0.782794	-0.275117
0.79042	0.46196	0.40228
0.177647	0.72287	-0.667758
-0.70311	-0.132717	-0.698586
-0.396681	-0.785085	0.475696
0.418769	0.787699	-0.451844
0.596629	-0.0569698	0.800492
-0.32551	-0.771663	0.546424
0.548069	0.784645	-0.289746
0.635633	0.75744	-0.149183
-0.674331	-0.734717	0.0739575
0.121627	-0.55195	0.82496
-0.438588	-0.789356	0.429602
0.414168	-0.290218	0.862693
-0.59966	0.0523468	-0.798541
0.654125	0.0372891	0.755467
0.638857	0.0107662	0.76925
-0.572591	-0.779639	0.25358
0.742221	0.227549	0.630341
-0.717973	-0.695528	-0.0274885
0.784608	0.393239	0.479326
0.303299	0.76604	-0.566739
-0.790486	-0.483464	-0.376024
-0.0827437	-0.678628	0.729806
0.365242	0.780058	-0.508043
0.559904	0.782445	-0.272557
0.0304782	-0.613698	0.788952
-0.507641	-0.789427	0.345116
0.494817	0.790145	-0.361701
-0.522723	0.160841	-0.837192
0.0932161	-0.572114	0.81486
-0.172857	-0.720867	0.671172
-0.780697	-0.568056	-0.260431
0.145785	-0.534138	0.832732
0.325795	-0.380777	0.865371
0.767284	0.612739	0.189278
0.188456	0.727297	-0.659942
0.531572	-0.149198	0.833769
0.52942	-0.152047	0.834623
-0.418638	0.285319	-0.862169
0.447911	0.7899	-0.418849
-0.327657	-0.772172	0.544417
-0.154642	0.527453	-0.835392
0.369224	-0.337707	0.86581
-0.0898345	-0.68226	0.72557
0.68545	0.0961493	0.721743
-0.646127	-0.752111	0.129803
0.381739	0.782881	-0.491296
0.0267017	-0.616074	0.787236
-0.648143	-0.751022	0.126001
-0.271554	0.431042	-0.860501
0.647163	0.751554	-0.127852
-0.514298	-0.78891	0.33633
-0.635277	-0.757611	0.149828
-0.630859	-0.759686	0.15778
-0.294339	0.410384	-0.863105
0.431525	-0.271012	0.860429
-0.590366	0.0664227	-0.804398
0.472486	0.790566	-0.389567
0.618169	-0.0233515	0.785699
-0.697306	-0.716392	0.0233754
0.677512	0.0805842	0.731084
-0.324202	0.382308	-0.865294
0.790142	0.494869	0.361635
0.356441	0.778389	-0.516779
0.788401	0.519855	0.328899
0.157183	0.714138	-0.682129
-0.365193	0.341818	-0.865907
-0.744553	-0.234105	-0.625168
0.371554	0.781185	-0.501694
-0.751723	-0.255218	-0.608092
-0.567068	0.100437	-0.817524
-0.562351	0.107119	-0.819931
-0.0812942	0.580326	-0.810316
-0.77868	-0.357933	-0.515307
0.0612644	0.667312	-0.742254
0.0899825	0.682335	-0.725481
-0.669724	-0.737901	0.0835002
0.078137	-0.582477	0.809083
-0.655359	-0.0394874	-0.754285
-0.435998	-0.789178	0.432555
0.773029	0.331332	0.540966
-0.226473	-0.741833	0.631185
0.507484	-0.180457	0.842553
-0.2151	-0.737655	0.639997
0.447243	0.789866	-0.419626
0.593546	-0.0616402	0.802436
0.755158	0.640261	0.140719
0.13415	0.703774	-0.697643
-0.161617	0.522129	-0.837414
0.366041	-0.340955	0.865889
-0.00672451	-0.636467	0.771274
0.518178	0.788562	-0.331152
0.435847	-0.26615	0.859768
-0.779815	-0.571854	-0.254698
-0.766474	-0.30493	-0.565274
-0.215561	-0.737828	0.639643
-0.389414	0.316759	-0.864882
0.116628	0.695513	-0.708985
-0.516552	0.16885	-0.839442
0.167551	0.718619	-0.674917
-0.624613	-0.762466	0.168835
-0.618953	0.0220919	-0.785117
-0.778675	-0.357908	-0.515332
0.0472042	-0.603005	0.79634
-0.62333	0.0150191	-0.781815
-0.172018	-0.720513	0.671767
0.684501	0.0942612	0.722893
0.757474	0.635563	0.149309
0.752137	0.256485	0.607047
0.773131	0.331775	0.540549
0.669179	0.0647469	0.740275
0.7617	0.287666	0.58057
0.157754	0.714389	-0.681735
0.606697	0.769515	-0.19941
-0.632139	-0.759094	0.155488
-0.31923	-0.770139	0.552249
-0.100723	-0.687735	0.71894
-0.572808	-0.779586	0.253251
-0.20803	0.485348	-0.849212
0.653353	0.748106	-0.116049
-0.734529	-0.674596	-0.0734018
0.54053	-0.137212	0.83006
-0.705817	-0.708387	0.00314728
-0.680183	-0.730453	0.0615676
0.321685	-0.384719	0.865165
0.790119	0.495425	0.360925
0.50826	-0.179472	0.842296
-0.290669	-0.762557	0.577943
0.221445	-0.47427	0.852074
0.269819	0.756372	-0.595902
0.716978	0.163723	0.677596
0.0523948	0.662502	-0.747226
-0.745492	-0.657806	-0.107393
-0.786547	-0.408212	-0.463365
-0.790493	-0.465514	-0.398016
0.789387	0.439053	0.429069
-0.651044	-0.749417	0.120483
-0.268708	0.433577	-0.86012
-0.0568322	0.59672	-0.800435
0.409114	0.786653	-0.462389
-0.133194	0.543499	-0.828775
0.781687	0.37447	0.498736
-0.138599	-0.70582	0.694701
-0.096261	0.569993	-0.815991
-0.770507	-0.320727	-0.550865
-0.484711	-0.790462	0.374467
0.668416	0.063321	0.741087
0.397919	0.785252	-0.474383
0.79004	0.497175	0.358685
0.133533	0.703488	-0.698049
-0.787124	-0.413295	-0.457845
0.0849722	-0.577808	0.811737
-0.781058	-0.566447	-0.262844
0.787396	0.415827	0.455077
0.493118	-0.198471	0.84702
-0.773182	-0.595823	-0.217219
-0.567489	-0.780825	0.261282
0.308229	-0.397468	0.8643
0.398966	-0.306632	0.864178
0.779242	0.574226	0.251092
0.142561	0.707624	-0.692058
-0.618781	0.0223688	-0.785245
0.786852	0.533369	0.310452
0.770009	0.318707	0.552731
-0.0894331	-0.682056	0.725811
-0.721722	-0.691171	-0.0374166
-0.790466	-0.484493	-0.374739
-0.265084	0.436791	-0.859618
-0.76962	-0.317139	-0.554173
0.606331	0.769646	-0.200019
-0.741163	-0.664774	-0.093557
0.481942	-0.212182	0.850124
-0.10049	0.567032	-0.817543
-0.672841	-0.0716471	-0.736309
0.576604	-0.0867246	0.812408
0.0779127	0.676124	-0.732657
0.0808838	0.677667	-0.730907
-0.623172	0.0152761	-0.781936
-0.689153	-0.103582	-0.717175
0.715384	0.160038	0.680157
-0.772541	-0.329229	-0.542944
-0.706872	-0.707341	0.000574261
-0.60587	0.0427659	-0.794413
-0.22556	-0.741503	0.631899
0.503774	0.789682	-0.350164
-0.611831	-0.767629	0.190812
-0.0761342	0.583835	-0.808294
-0.777984	-0.354386	-0.518798
-0.050873	0.600621	-0.797914
-0.496515	0.194252	-0.846014
0.617851	0.765282	-0.180566
-0.322836	-0.771021	0.548912
-0.621375	0.0181888	-0.783302
0.786719	0.409689	0.461765
-0.749467	-0.248404	-0.613674
